SITE	NUMERO_SITE	SEXE	ANNEE	PA	CAS_PRED	CAS_PRED_INF	CAS_PRED_SUP	TSM_I_PRED	TSM_I_PRED_INF	TSM_I_PRED_SUP	TSE_I_PRED	TSE_I_PRED_INF	TSE_I_PRED_SUP	TB_I_PRED	TB_I_PRED_INF	TB_I_PRED_SUP
hodgkin	31.00	1	1990	27606178	829	780	883	2.7	2.5	2.8	2.9	2.8	3.1	3	2.8	3.2
hodgkin	31.00	1	1991	27731738.5	817	769	868	2.6	2.5	2.8	2.9	2.7	3.1	2.9	2.8	3.1
hodgkin	31.00	1	1992	27855283	806	756	858	2.6	2.4	2.7	2.8	2.6	3	2.9	2.7	3.1
hodgkin	31.00	1	1993	27957444	796	745	851	2.5	2.4	2.7	2.8	2.6	3	2.8	2.7	3
hodgkin	31.00	1	1994	28038749.5	789	737	846	2.5	2.3	2.7	2.7	2.6	2.9	2.8	2.6	3
hodgkin	31.00	1	1995	28116753.5	787	735	843	2.5	2.3	2.7	2.7	2.5	2.9	2.8	2.6	3
hodgkin	31.00	1	1996	28195599	790	740	844	2.5	2.3	2.6	2.7	2.5	2.9	2.8	2.6	3
hodgkin	31.00	1	1997	28275964	797	751	850	2.5	2.3	2.7	2.7	2.6	2.9	2.8	2.7	3
hodgkin	31.00	1	1998	28361163	814	764	862	2.5	2.4	2.7	2.8	2.6	2.9	2.9	2.7	3
hodgkin	31.00	1	1999	28486063	827	780	881	2.6	2.4	2.7	2.8	2.6	3	2.9	2.7	3.1
hodgkin	31.00	1	2000	28657893.5	848	799	903	2.6	2.5	2.8	2.9	2.7	3	3	2.8	3.1
hodgkin	31.00	1	2001	28844405	871	824	925	2.7	2.5	2.8	2.9	2.8	3.1	3	2.9	3.2
hodgkin	31.00	1	2002	29033407.5	896	851	947	2.7	2.6	2.9	3	2.8	3.2	3.1	2.9	3.3
hodgkin	31.00	1	2003	29220241.5	924	879	972	2.8	2.7	3	3.1	2.9	3.2	3.2	3	3.3
hodgkin	31.00	1	2004	29415016.5	952	904	1000	2.9	2.7	3	3.1	3	3.3	3.2	3.1	3.4
hodgkin	31.00	1	2005	29615886	976	927	1029	2.9	2.8	3.1	3.2	3	3.4	3.3	3.1	3.5
hodgkin	31.00	1	2006	29815994.5	1001	951	1054	3	2.9	3.2	3.3	3.1	3.4	3.4	3.2	3.5
hodgkin	31.00	1	2007	30001162.5	1022	974	1075	3.1	2.9	3.2	3.3	3.2	3.5	3.4	3.2	3.6
hodgkin	31.00	1	2008	30166090.5	1044	998	1091	3.1	3	3.3	3.4	3.2	3.5	3.5	3.3	3.6
hodgkin	31.00	1	2009	30322692	1062	1020	1106	3.2	3	3.3	3.4	3.3	3.6	3.5	3.4	3.6
hodgkin	31.00	1	2010	30475789	1082	1040	1123	3.2	3.1	3.4	3.5	3.3	3.6	3.6	3.4	3.7
hodgkin	31.00	1	2011	30626399	1102	1057	1144	3.3	3.1	3.4	3.5	3.4	3.7	3.6	3.5	3.7
hodgkin	31.00	1	2012	30782589.5	1119	1070	1170	3.3	3.2	3.5	3.6	3.4	3.7	3.6	3.5	3.8
hodgkin	31.00	1	2013	30945466.5	1139	1082	1199	3.4	3.2	3.6	3.6	3.4	3.8	3.7	3.5	3.9
hodgkin	31.00	1	2014	31086155	1161	1092	1230	3.4	3.2	3.7	3.7	3.5	3.9	3.7	3.5	4
hodgkin	31.00	1	2015	31210477	1179	1101	1264	3.5	3.3	3.8	3.7	3.5	4	3.8	3.5	4
hodgkin	31.00	1	2016	31332989	1201	1109	1299	3.6	3.3	3.9	3.8	3.5	4.1	3.8	3.5	4.1
hodgkin	31.00	1	2017	31446345.5	1224	1117	1336	3.6	3.3	4	3.9	3.5	4.2	3.9	3.6	4.2
hodgkin	31.00	1	2018	31500281	1240	1123	1372	3.7	3.3	4.1	3.9	3.5	4.3	3.9	3.6	4.4
hodgkin	31.00	2	1990	29102652.5	541	500	585	1.7	1.6	1.8	1.8	1.6	1.9	1.9	1.7	2
hodgkin	31.00	2	1991	29243858.5	550	512	592	1.7	1.6	1.9	1.8	1.7	1.9	1.9	1.8	2
hodgkin	31.00	2	1992	29384564	560	523	602	1.8	1.6	1.9	1.8	1.7	2	1.9	1.8	2.1
hodgkin	31.00	2	1993	29509640.5	573	533	614	1.8	1.7	1.9	1.9	1.7	2	1.9	1.8	2.1
hodgkin	31.00	2	1994	29620022	587	544	628	1.8	1.7	2	1.9	1.8	2	2	1.8	2.1
hodgkin	31.00	2	1995	29727493.5	598	556	642	1.9	1.7	2	1.9	1.8	2.1	2	1.9	2.2
hodgkin	31.00	2	1996	29830389.5	614	571	656	1.9	1.8	2.1	2	1.9	2.1	2.1	1.9	2.2
hodgkin	31.00	2	1997	29931526	629	588	672	2	1.8	2.1	2	1.9	2.2	2.1	2	2.2
hodgkin	31.00	2	1998	30036624.5	646	607	690	2	1.9	2.2	2.1	2	2.2	2.2	2	2.3
hodgkin	31.00	2	1999	30191342.5	668	627	711	2.1	2	2.2	2.2	2	2.3	2.2	2.1	2.4
hodgkin	31.00	2	2000	30404491.5	690	649	734	2.2	2	2.3	2.2	2.1	2.4	2.3	2.1	2.4
hodgkin	31.00	2	2001	30631830.5	715	672	757	2.2	2.1	2.4	2.3	2.2	2.4	2.3	2.2	2.5
hodgkin	31.00	2	2002	30860462.5	737	696	780	2.3	2.2	2.4	2.4	2.2	2.5	2.4	2.3	2.5
hodgkin	31.00	2	2003	31083389.5	758	719	802	2.4	2.2	2.5	2.4	2.3	2.6	2.4	2.3	2.6
hodgkin	31.00	2	2004	31319326	778	739	825	2.4	2.3	2.6	2.5	2.3	2.6	2.5	2.4	2.6
hodgkin	31.00	2	2005	31565612.5	801	757	845	2.5	2.3	2.6	2.5	2.4	2.7	2.5	2.4	2.7
hodgkin	31.00	2	2006	31781491	811	771	859	2.5	2.4	2.7	2.6	2.4	2.7	2.6	2.4	2.7
hodgkin	31.00	2	2007	31963889.5	823	783	867	2.6	2.4	2.7	2.6	2.5	2.7	2.6	2.4	2.7
hodgkin	31.00	2	2008	32134197	831	793	872	2.6	2.5	2.7	2.6	2.5	2.7	2.6	2.5	2.7
hodgkin	31.00	2	2009	32292780	835	801	876	2.6	2.5	2.7	2.6	2.5	2.7	2.6	2.5	2.7
hodgkin	31.00	2	2010	32442000.5	841	806	880	2.6	2.5	2.7	2.6	2.5	2.8	2.6	2.5	2.7
hodgkin	31.00	2	2011	32596758.5	844	808	887	2.6	2.5	2.8	2.6	2.5	2.8	2.6	2.5	2.7
hodgkin	31.00	2	2012	32754328.5	852	809	897	2.6	2.5	2.8	2.7	2.5	2.8	2.6	2.5	2.7
hodgkin	31.00	2	2013	32917445	856	808	909	2.7	2.5	2.8	2.7	2.5	2.8	2.6	2.5	2.8
hodgkin	31.00	2	2014	33078234.5	864	807	923	2.7	2.5	2.9	2.7	2.5	2.9	2.6	2.4	2.8
hodgkin	31.00	2	2015	33219169.5	868	805	939	2.7	2.5	2.9	2.7	2.5	2.9	2.6	2.4	2.8
hodgkin	31.00	2	2016	33346795	876	802	955	2.7	2.5	3	2.7	2.5	3	2.6	2.4	2.9
hodgkin	31.00	2	2017	33463250.5	882	800	972	2.7	2.4	3	2.7	2.5	3	2.6	2.4	2.9
hodgkin	31.00	2	2018	33517815	887	796	989	2.7	2.4	3.1	2.7	2.5	3.1	2.6	2.4	3
lmnh	32.00	1	1990	27606178	6974	6656	7309	19	18.1	19.9	25.7	24.6	27	25.3	24.1	26.5
lmnh	32.00	1	1991	27731738.5	7255	6933	7599	19.5	18.6	20.4	26.4	25.3	27.7	26.2	25	27.4
lmnh	32.00	1	1992	27855283	7555	7219	7907	20	19.1	20.9	27.2	26	28.4	27.1	25.9	28.4
lmnh	32.00	1	1993	27957444	7861	7511	8227	20.5	19.6	21.4	27.9	26.7	29.2	28.1	26.9	29.4
lmnh	32.00	1	1994	28038749.5	8178	7812	8557	21	20	21.9	28.6	27.3	30	29.2	27.9	30.5
lmnh	32.00	1	1995	28116753.5	8498	8123	8895	21.4	20.5	22.4	29.3	28	30.7	30.2	28.9	31.6
lmnh	32.00	1	1996	28195599	8825	8438	9232	21.9	20.9	22.9	30	28.7	31.4	31.3	29.9	32.7
lmnh	32.00	1	1997	28275964	9156	8758	9573	22.3	21.3	23.3	30.7	29.4	32.1	32.4	31	33.9
lmnh	32.00	1	1998	28361163	9489	9081	9919	22.7	21.8	23.8	31.3	30	32.8	33.5	32	35
lmnh	32.00	1	1999	28486063	9835	9411	10276	23.1	22.1	24.2	32	30.6	33.4	34.5	33	36.1
lmnh	32.00	1	2000	28657893.5	10190	9752	10645	23.5	22.5	24.6	32.5	31.1	34	35.6	34	37.1
lmnh	32.00	1	2001	28844405	10542	10095	11010	23.8	22.8	24.9	33	31.6	34.5	36.5	35	38.2
lmnh	32.00	1	2002	29033407.5	10889	10431	11366	24.1	23.1	25.2	33.5	32.1	34.9	37.5	35.9	39.1
lmnh	32.00	1	2003	29220241.5	11217	10751	11706	24.3	23.3	25.4	33.9	32.4	35.3	38.4	36.8	40.1
lmnh	32.00	1	2004	29415016.5	11541	11063	12044	24.6	23.5	25.6	34.2	32.8	35.7	39.2	37.6	40.9
lmnh	32.00	1	2005	29615886	11862	11368	12375	24.7	23.7	25.8	34.5	33	36	40.1	38.4	41.8
lmnh	32.00	1	2006	29815994.5	12156	11654	12683	24.9	23.9	26	34.7	33.3	36.2	40.8	39.1	42.5
lmnh	32.00	1	2007	30001162.5	12441	11929	12974	25	23.9	26	34.9	33.4	36.4	41.5	39.8	43.2
lmnh	32.00	1	2008	30166090.5	12712	12195	13252	25	24	26.1	35	33.5	36.4	42.1	40.4	43.9
lmnh	32.00	1	2009	30322692	12978	12454	13523	25.1	24.1	26.1	35	33.6	36.5	42.8	41.1	44.6
lmnh	32.00	1	2010	30475789	13245	12711	13796	25.1	24.1	26.2	35.1	33.7	36.6	43.5	41.7	45.3
lmnh	32.00	1	2011	30626399	13519	12976	14085	25.2	24.2	26.2	35.2	33.8	36.7	44.1	42.4	46
lmnh	32.00	1	2012	30782589.5	13807	13246	14387	25.2	24.2	26.3	35.3	33.9	36.8	44.9	43	46.7
lmnh	32.00	1	2013	30945466.5	14102	13524	14704	25.2	24.2	26.3	35.4	33.9	36.9	45.6	43.7	47.5
lmnh	32.00	1	2014	31086155	14410	13810	15039	25.3	24.2	26.4	35.4	34	37	46.4	44.4	48.4
lmnh	32.00	1	2015	31210477	14720	14090	15376	25.3	24.2	26.5	35.5	34	37.1	47.2	45.1	49.3
lmnh	32.00	1	2016	31332989	15027	14368	15718	25.4	24.3	26.6	35.6	34.1	37.3	48	45.9	50.2
lmnh	32.00	1	2017	31446345.5	15345	14650	16074	25.4	24.3	26.7	35.7	34.1	37.4	48.8	46.6	51.1
lmnh	32.00	1	2018	31500281	15536	14806	16299	25.5	24.3	26.7	35.8	34.1	37.5	49.3	47	51.7
lmnh	32.00	2	1990	29102652.5	5803	5540	6078	12	11.4	12.6	16.3	15.5	17.1	19.9	19	20.9
lmnh	32.00	2	1991	29243858.5	6008	5741	6286	12.2	11.7	12.8	16.7	15.9	17.4	20.5	19.6	21.5
lmnh	32.00	2	1992	29384564	6219	5947	6506	12.5	11.9	13.1	17.1	16.3	17.8	21.2	20.2	22.1
lmnh	32.00	2	1993	29509640.5	6440	6157	6735	12.8	12.2	13.4	17.5	16.7	18.3	21.8	20.9	22.8
lmnh	32.00	2	1994	29620022	6665	6373	6972	13.1	12.5	13.7	17.9	17.1	18.7	22.5	21.5	23.5
lmnh	32.00	2	1995	29727493.5	6902	6598	7216	13.4	12.8	14	18.2	17.4	19.1	23.2	22.2	24.3
lmnh	32.00	2	1996	29830389.5	7139	6829	7461	13.6	13	14.3	18.6	17.8	19.5	23.9	22.9	25
lmnh	32.00	2	1997	29931526	7383	7066	7711	13.9	13.3	14.5	19	18.2	19.9	24.7	23.6	25.8
lmnh	32.00	2	1998	30036624.5	7625	7304	7965	14.2	13.6	14.8	19.4	18.6	20.3	25.4	24.3	26.5
lmnh	32.00	2	1999	30191342.5	7884	7550	8230	14.4	13.8	15.1	19.8	18.9	20.6	26.1	25	27.3
lmnh	32.00	2	2000	30404491.5	8149	7807	8506	14.7	14	15.3	20.1	19.3	21	26.8	25.7	28
lmnh	32.00	2	2001	30631830.5	8415	8065	8780	14.9	14.2	15.5	20.4	19.5	21.3	27.5	26.3	28.7
lmnh	32.00	2	2002	30860462.5	8675	8319	9047	15	14.4	15.7	20.7	19.8	21.5	28.1	27	29.3
lmnh	32.00	2	2003	31083389.5	8923	8562	9303	15.2	14.6	15.8	20.9	20	21.8	28.7	27.5	29.9
lmnh	32.00	2	2004	31319326	9176	8806	9566	15.3	14.7	16	21.1	20.2	22	29.3	28.1	30.5
lmnh	32.00	2	2005	31565612.5	9437	9054	9835	15.4	14.8	16.1	21.2	20.4	22.1	29.9	28.7	31.2
lmnh	32.00	2	2006	31781491	9670	9280	10077	15.5	14.9	16.2	21.4	20.5	22.3	30.4	29.2	31.7
lmnh	32.00	2	2007	31963889.5	9887	9489	10295	15.6	15	16.3	21.5	20.6	22.4	30.9	29.7	32.2
lmnh	32.00	2	2008	32134197	10091	9692	10504	15.6	15	16.3	21.6	20.7	22.5	31.4	30.2	32.7
lmnh	32.00	2	2009	32292780	10286	9886	10705	15.7	15.1	16.3	21.7	20.8	22.6	31.9	30.6	33.2
lmnh	32.00	2	2010	32442000.5	10484	10078	10908	15.7	15.1	16.4	21.8	20.9	22.6	32.3	31.1	33.6
lmnh	32.00	2	2011	32596758.5	10687	10272	11119	15.8	15.2	16.4	21.8	21	22.7	32.8	31.5	34.1
lmnh	32.00	2	2012	32754328.5	10892	10463	11336	15.8	15.2	16.5	21.9	21	22.8	33.3	31.9	34.6
lmnh	32.00	2	2013	32917445	11102	10659	11564	15.9	15.2	16.5	22	21.1	22.9	33.7	32.4	35.1
lmnh	32.00	2	2014	33078234.5	11322	10859	11804	15.9	15.2	16.6	22.1	21.1	23	34.2	32.8	35.7
lmnh	32.00	2	2015	33219169.5	11535	11050	12042	16	15.3	16.7	22.1	21.2	23.1	34.7	33.3	36.3
lmnh	32.00	2	2016	33346795	11745	11235	12281	16	15.3	16.8	22.2	21.2	23.3	35.2	33.7	36.8
lmnh	32.00	2	2017	33463250.5	11963	11421	12528	16.1	15.3	16.9	22.3	21.3	23.4	35.7	34.1	37.4
lmnh	32.00	2	2018	33517815	12109	11541	12710	16.1	15.3	16.9	22.4	21.3	23.5	36.1	34.4	37.9
lmnhllc	32.01	1	1990	27606178	1600	1491	1721	4.1	3.8	4.4	5.9	5.5	6.4	5.8	5.4	6.2
lmnhllc	32.01	1	1991	27731738.5	1658	1546	1777	4.1	3.9	4.4	6.1	5.6	6.5	6	5.6	6.4
lmnhllc	32.01	1	1992	27855283	1717	1601	1841	4.2	3.9	4.5	6.2	5.8	6.6	6.2	5.7	6.6
lmnhllc	32.01	1	1993	27957444	1782	1660	1912	4.3	4	4.6	6.3	5.9	6.8	6.4	5.9	6.8
lmnhllc	32.01	1	1994	28038749.5	1855	1727	1992	4.4	4.1	4.7	6.5	6	7	6.6	6.2	7.1
lmnhllc	32.01	1	1995	28116753.5	1938	1806	2080	4.5	4.2	4.8	6.7	6.2	7.1	6.9	6.4	7.4
lmnhllc	32.01	1	1996	28195599	2034	1898	2178	4.6	4.3	5	6.9	6.4	7.4	7.2	6.7	7.7
lmnhllc	32.01	1	1997	28275964	2138	2001	2285	4.8	4.5	5.1	7.1	6.7	7.6	7.6	7.1	8.1
lmnhllc	32.01	1	1998	28361163	2251	2108	2402	4.9	4.6	5.3	7.4	6.9	7.8	7.9	7.4	8.5
lmnhllc	32.01	1	1999	28486063	2364	2215	2523	5.1	4.8	5.4	7.6	7.1	8.1	8.3	7.8	8.9
lmnhllc	32.01	1	2000	28657893.5	2474	2319	2640	5.2	4.9	5.6	7.8	7.3	8.3	8.6	8.1	9.2
lmnhllc	32.01	1	2001	28844405	2569	2412	2739	5.3	5	5.7	7.9	7.4	8.4	8.9	8.4	9.5
lmnhllc	32.01	1	2002	29033407.5	2650	2492	2818	5.4	5	5.7	8	7.5	8.5	9.1	8.6	9.7
lmnhllc	32.01	1	2003	29220241.5	2709	2552	2877	5.4	5.1	5.7	8	7.5	8.5	9.3	8.7	9.8
lmnhllc	32.01	1	2004	29415016.5	2756	2595	2924	5.4	5	5.7	8	7.5	8.5	9.4	8.8	9.9
lmnhllc	32.01	1	2005	29615886	2788	2624	2959	5.3	5	5.7	7.9	7.5	8.4	9.4	8.9	10
lmnhllc	32.01	1	2006	29815994.5	2805	2641	2978	5.3	4.9	5.6	7.8	7.4	8.3	9.4	8.9	10
lmnhllc	32.01	1	2007	30001162.5	2811	2651	2982	5.2	4.9	5.5	7.7	7.3	8.2	9.4	8.8	9.9
lmnhllc	32.01	1	2008	30166090.5	2810	2656	2979	5	4.8	5.4	7.5	7.1	8	9.3	8.8	9.9
lmnhllc	32.01	1	2009	30322692	2809	2657	2971	4.9	4.7	5.2	7.4	7	7.8	9.3	8.8	9.8
lmnhllc	32.01	1	2010	30475789	2806	2655	2964	4.8	4.6	5.1	7.2	6.8	7.6	9.2	8.7	9.7
lmnhllc	32.01	1	2011	30626399	2800	2652	2962	4.7	4.5	5	7.1	6.7	7.5	9.1	8.7	9.7
lmnhllc	32.01	1	2012	30782589.5	2801	2647	2964	4.6	4.4	4.9	6.9	6.5	7.3	9.1	8.6	9.6
lmnhllc	32.01	1	2013	30945466.5	2800	2642	2971	4.5	4.2	4.8	6.8	6.4	7.2	9	8.5	9.6
lmnhllc	32.01	1	2014	31086155	2805	2635	2982	4.4	4.1	4.7	6.6	6.2	7	9	8.5	9.6
lmnhllc	32.01	1	2015	31210477	2803	2624	2992	4.3	4	4.6	6.5	6.1	6.9	9	8.4	9.6
lmnhllc	32.01	1	2016	31332989	2800	2610	3004	4.2	3.9	4.5	6.3	5.9	6.8	8.9	8.3	9.6
lmnhllc	32.01	1	2017	31446345.5	2798	2595	3016	4.1	3.8	4.5	6.2	5.7	6.7	8.9	8.3	9.6
lmnhllc	32.01	1	2018	31500281	2770	2554	3002	4	3.7	4.4	6.1	5.6	6.6	8.8	8.1	9.5
lmnhllc	32.01	2	1990	29102652.5	1167	1064	1289	2.2	2	2.4	3.2	2.9	3.5	4	3.7	4.4
lmnhllc	32.01	2	1991	29243858.5	1217	1109	1338	2.2	2	2.5	3.3	3	3.6	4.2	3.8	4.6
lmnhllc	32.01	2	1992	29384564	1268	1156	1392	2.3	2.1	2.5	3.4	3.1	3.7	4.3	3.9	4.7
lmnhllc	32.01	2	1993	29509640.5	1319	1204	1450	2.4	2.1	2.6	3.5	3.1	3.8	4.5	4.1	4.9
lmnhllc	32.01	2	1994	29620022	1376	1255	1511	2.4	2.2	2.7	3.5	3.2	3.9	4.6	4.2	5.1
lmnhllc	32.01	2	1995	29727493.5	1435	1309	1575	2.5	2.3	2.7	3.6	3.3	4	4.8	4.4	5.3
lmnhllc	32.01	2	1996	29830389.5	1496	1366	1640	2.5	2.3	2.8	3.7	3.4	4.1	5	4.6	5.5
lmnhllc	32.01	2	1997	29931526	1558	1425	1705	2.6	2.4	2.9	3.8	3.5	4.2	5.2	4.8	5.7
lmnhllc	32.01	2	1998	30036624.5	1622	1483	1772	2.7	2.4	2.9	3.9	3.6	4.3	5.4	4.9	5.9
lmnhllc	32.01	2	1999	30191342.5	1680	1540	1838	2.7	2.5	3	4	3.7	4.4	5.6	5.1	6.1
lmnhllc	32.01	2	2000	30404491.5	1741	1596	1903	2.8	2.5	3	4.1	3.7	4.5	5.7	5.2	6.3
lmnhllc	32.01	2	2001	30631830.5	1795	1647	1960	2.8	2.6	3.1	4.1	3.8	4.5	5.9	5.4	6.4
lmnhllc	32.01	2	2002	30860462.5	1842	1692	2008	2.8	2.6	3.1	4.2	3.8	4.5	6	5.5	6.5
lmnhllc	32.01	2	2003	31083389.5	1882	1728	2047	2.8	2.6	3.1	4.2	3.8	4.6	6.1	5.6	6.6
lmnhllc	32.01	2	2004	31319326	1914	1758	2082	2.8	2.6	3.1	4.2	3.8	4.5	6.1	5.6	6.6
lmnhllc	32.01	2	2005	31565612.5	1936	1781	2110	2.8	2.6	3	4.1	3.8	4.5	6.1	5.6	6.7
lmnhllc	32.01	2	2006	31781491	1950	1795	2124	2.8	2.5	3	4.1	3.8	4.5	6.1	5.6	6.7
lmnhllc	32.01	2	2007	31963889.5	1958	1801	2127	2.7	2.5	3	4	3.7	4.4	6.1	5.6	6.7
lmnhllc	32.01	2	2008	32134197	1956	1803	2124	2.7	2.4	2.9	4	3.6	4.3	6.1	5.6	6.6
lmnhllc	32.01	2	2009	32292780	1951	1801	2117	2.6	2.4	2.8	3.9	3.6	4.2	6	5.6	6.6
lmnhllc	32.01	2	2010	32442000.5	1945	1796	2110	2.6	2.4	2.8	3.8	3.5	4.1	6	5.5	6.5
lmnhllc	32.01	2	2011	32596758.5	1942	1792	2106	2.5	2.3	2.7	3.7	3.4	4	6	5.5	6.5
lmnhllc	32.01	2	2012	32754328.5	1937	1786	2104	2.4	2.2	2.7	3.6	3.4	4	5.9	5.5	6.4
lmnhllc	32.01	2	2013	32917445	1934	1779	2104	2.4	2.2	2.6	3.6	3.3	3.9	5.9	5.4	6.4
lmnhllc	32.01	2	2014	33078234.5	1934	1773	2108	2.3	2.1	2.6	3.5	3.2	3.8	5.8	5.4	6.4
lmnhllc	32.01	2	2015	33219169.5	1928	1763	2112	2.3	2.1	2.5	3.4	3.1	3.8	5.8	5.3	6.4
lmnhllc	32.01	2	2016	33346795	1925	1752	2115	2.2	2	2.5	3.4	3.1	3.7	5.8	5.3	6.3
lmnhllc	32.01	2	2017	33463250.5	1921	1740	2120	2.2	2	2.4	3.3	3	3.6	5.7	5.2	6.3
lmnhllc	32.01	2	2018	33517815	1904	1715	2112	2.1	1.9	2.4	3.2	2.9	3.6	5.7	5.1	6.3
lmnhf	32.02	1	1995	28116753.5	589	529	657	1.6	1.4	1.7	2.1	1.9	2.3	2.1	1.9	2.3
lmnhf	32.02	1	1996	28195599	612	553	680	1.6	1.4	1.8	2.2	1.9	2.4	2.2	2	2.4
lmnhf	32.02	1	1997	28275964	638	578	705	1.6	1.5	1.8	2.2	2	2.5	2.3	2	2.5
lmnhf	32.02	1	1998	28361163	665	605	731	1.7	1.5	1.8	2.3	2.1	2.5	2.3	2.1	2.6
lmnhf	32.02	1	1999	28486063	694	634	760	1.7	1.6	1.9	2.3	2.1	2.6	2.4	2.2	2.7
lmnhf	32.02	1	2000	28657893.5	728	665	792	1.8	1.6	1.9	2.4	2.2	2.6	2.5	2.3	2.8
lmnhf	32.02	1	2001	28844405	760	698	826	1.8	1.7	2	2.5	2.3	2.7	2.6	2.4	2.9
lmnhf	32.02	1	2002	29033407.5	794	732	862	1.9	1.7	2	2.6	2.4	2.8	2.7	2.5	3
lmnhf	32.02	1	2003	29220241.5	830	768	899	1.9	1.8	2.1	2.6	2.4	2.8	2.8	2.6	3.1
lmnhf	32.02	1	2004	29415016.5	870	805	939	2	1.8	2.1	2.7	2.5	2.9	3	2.7	3.2
lmnhf	32.02	1	2005	29615886	910	845	982	2	1.9	2.2	2.8	2.6	3	3.1	2.9	3.3
lmnhf	32.02	1	2006	29815994.5	954	885	1026	2.1	1.9	2.2	2.9	2.7	3.1	3.2	3	3.4
lmnhf	32.02	1	2007	30001162.5	995	928	1073	2.1	2	2.3	3	2.7	3.2	3.3	3.1	3.6
lmnhf	32.02	1	2008	30166090.5	1044	971	1123	2.2	2	2.4	3	2.8	3.3	3.5	3.2	3.7
lmnhf	32.02	1	2009	30322692	1092	1016	1175	2.3	2.1	2.4	3.1	2.9	3.4	3.6	3.4	3.9
lmnhf	32.02	1	2010	30475789	1142	1063	1230	2.3	2.2	2.5	3.2	3	3.5	3.7	3.5	4
lmnhf	32.02	1	2011	30626399	1199	1112	1289	2.4	2.2	2.6	3.3	3.1	3.6	3.9	3.6	4.2
lmnhf	32.02	1	2012	30782589.5	1254	1163	1353	2.5	2.3	2.7	3.4	3.2	3.7	4.1	3.8	4.4
lmnhf	32.02	1	2013	30945466.5	1316	1218	1422	2.5	2.3	2.7	3.5	3.3	3.8	4.3	3.9	4.6
lmnhf	32.02	1	2014	31086155	1380	1274	1495	2.6	2.4	2.8	3.6	3.4	3.9	4.4	4.1	4.8
lmnhf	32.02	1	2015	31210477	1446	1333	1572	2.7	2.5	2.9	3.8	3.5	4.1	4.6	4.3	5
lmnhf	32.02	1	2016	31332989	1519	1393	1655	2.8	2.5	3	3.9	3.6	4.2	4.8	4.4	5.3
lmnhf	32.02	1	2017	31446345.5	1594	1457	1743	2.9	2.6	3.1	4	3.7	4.4	5.1	4.6	5.5
lmnhf	32.02	1	2018	31500281	1658	1511	1822	2.9	2.7	3.2	4.1	3.8	4.5	5.3	4.8	5.8
lmnhf	32.02	2	1995	29727493.5	635	554	730	1.4	1.2	1.6	1.9	1.6	2.2	2.1	1.9	2.5
lmnhf	32.02	2	1996	29830389.5	660	581	750	1.4	1.2	1.6	1.9	1.7	2.2	2.2	1.9	2.5
lmnhf	32.02	2	1997	29931526	688	610	772	1.4	1.3	1.6	2	1.8	2.2	2.3	2	2.6
lmnhf	32.02	2	1998	30036624.5	716	640	798	1.5	1.3	1.7	2	1.8	2.3	2.4	2.1	2.7
lmnhf	32.02	2	1999	30191342.5	745	673	827	1.5	1.4	1.7	2.1	1.9	2.3	2.5	2.2	2.7
lmnhf	32.02	2	2000	30404491.5	781	708	860	1.6	1.4	1.7	2.2	2	2.4	2.6	2.3	2.8
lmnhf	32.02	2	2001	30631830.5	817	743	897	1.6	1.5	1.8	2.2	2	2.5	2.7	2.4	2.9
lmnhf	32.02	2	2002	30860462.5	854	778	937	1.7	1.5	1.9	2.3	2.1	2.5	2.8	2.5	3
lmnhf	32.02	2	2003	31083389.5	892	813	979	1.7	1.6	1.9	2.4	2.2	2.6	2.9	2.6	3.1
lmnhf	32.02	2	2004	31319326	929	846	1022	1.8	1.6	2	2.4	2.2	2.7	3	2.7	3.3
lmnhf	32.02	2	2005	31565612.5	967	880	1063	1.8	1.7	2	2.5	2.3	2.8	3.1	2.8	3.4
lmnhf	32.02	2	2006	31781491	1000	912	1099	1.9	1.7	2	2.6	2.3	2.8	3.1	2.9	3.5
lmnhf	32.02	2	2007	31963889.5	1032	942	1130	1.9	1.7	2.1	2.6	2.4	2.8	3.2	2.9	3.5
lmnhf	32.02	2	2008	32134197	1061	972	1160	1.9	1.7	2.1	2.6	2.4	2.9	3.3	3	3.6
lmnhf	32.02	2	2009	32292780	1092	1001	1189	1.9	1.7	2.1	2.6	2.4	2.9	3.4	3.1	3.7
lmnhf	32.02	2	2010	32442000.5	1120	1029	1220	1.9	1.8	2.1	2.7	2.5	2.9	3.5	3.2	3.8
lmnhf	32.02	2	2011	32596758.5	1153	1058	1255	1.9	1.8	2.1	2.7	2.5	2.9	3.5	3.2	3.9
lmnhf	32.02	2	2012	32754328.5	1183	1086	1293	1.9	1.8	2.1	2.7	2.5	3	3.6	3.3	3.9
lmnhf	32.02	2	2013	32917445	1219	1115	1336	2	1.8	2.2	2.7	2.5	3	3.7	3.4	4.1
lmnhf	32.02	2	2014	33078234.5	1258	1144	1382	2	1.8	2.2	2.8	2.5	3.1	3.8	3.5	4.2
lmnhf	32.02	2	2015	33219169.5	1295	1172	1431	2	1.8	2.2	2.8	2.5	3.1	3.9	3.5	4.3
lmnhf	32.02	2	2016	33346795	1333	1199	1484	2	1.8	2.2	2.8	2.5	3.2	4	3.6	4.4
lmnhf	32.02	2	2017	33463250.5	1377	1227	1541	2	1.8	2.3	2.9	2.6	3.2	4.1	3.7	4.6
lmnhf	32.02	2	2018	33517815	1408	1248	1592	2	1.8	2.3	2.9	2.6	3.3	4.2	3.7	4.7
lmnhb	32.03	1	1995	28116753.5	1490	1383	1604	3.6	3.4	3.9	5.1	4.7	5.5	5.3	4.9	5.7
lmnhb	32.03	1	1996	28195599	1529	1429	1638	3.7	3.4	3.9	5.1	4.8	5.5	5.4	5.1	5.8
lmnhb	32.03	1	1997	28275964	1575	1477	1675	3.7	3.5	4	5.2	4.9	5.6	5.6	5.2	5.9
lmnhb	32.03	1	1998	28361163	1617	1526	1713	3.8	3.6	4	5.3	5	5.6	5.7	5.4	6
lmnhb	32.03	1	1999	28486063	1665	1577	1756	3.8	3.6	4	5.4	5.1	5.7	5.8	5.5	6.2
lmnhb	32.03	1	2000	28657893.5	1715	1631	1803	3.9	3.7	4.1	5.4	5.2	5.7	6	5.7	6.3
lmnhb	32.03	1	2001	28844405	1766	1686	1854	3.9	3.7	4.1	5.5	5.3	5.8	6.1	5.8	6.4
lmnhb	32.03	1	2002	29033407.5	1822	1741	1909	4	3.8	4.2	5.6	5.3	5.9	6.3	6	6.6
lmnhb	32.03	1	2003	29220241.5	1877	1795	1966	4	3.8	4.2	5.7	5.4	5.9	6.4	6.1	6.7
lmnhb	32.03	1	2004	29415016.5	1935	1851	2026	4.1	3.9	4.3	5.7	5.5	6	6.6	6.3	6.9
lmnhb	32.03	1	2005	29615886	1993	1908	2087	4.1	3.9	4.3	5.8	5.5	6.1	6.7	6.4	7
lmnhb	32.03	1	2006	29815994.5	2054	1966	2146	4.2	4	4.4	5.9	5.6	6.1	6.9	6.6	7.2
lmnhb	32.03	1	2007	30001162.5	2110	2023	2203	4.2	4	4.4	5.9	5.7	6.2	7	6.7	7.3
lmnhb	32.03	1	2008	30166090.5	2168	2081	2260	4.3	4.1	4.4	6	5.7	6.2	7.2	6.9	7.5
lmnhb	32.03	1	2009	30322692	2226	2137	2317	4.3	4.1	4.5	6	5.8	6.3	7.3	7	7.6
lmnhb	32.03	1	2010	30475789	2283	2193	2377	4.3	4.2	4.5	6.1	5.8	6.3	7.5	7.2	7.8
lmnhb	32.03	1	2011	30626399	2343	2248	2441	4.4	4.2	4.6	6.1	5.9	6.4	7.7	7.3	8
lmnhb	32.03	1	2012	30782589.5	2402	2303	2509	4.4	4.2	4.6	6.2	5.9	6.5	7.8	7.5	8.1
lmnhb	32.03	1	2013	30945466.5	2467	2358	2581	4.5	4.3	4.7	6.3	6	6.5	8	7.6	8.3
lmnhb	32.03	1	2014	31086155	2530	2413	2658	4.5	4.3	4.7	6.3	6	6.6	8.1	7.8	8.6
lmnhb	32.03	1	2015	31210477	2597	2466	2737	4.5	4.3	4.8	6.4	6	6.7	8.3	7.9	8.8
lmnhb	32.03	1	2016	31332989	2662	2518	2818	4.6	4.3	4.8	6.4	6.1	6.8	8.5	8	9
lmnhb	32.03	1	2017	31446345.5	2730	2571	2903	4.6	4.3	4.9	6.5	6.1	6.9	8.7	8.2	9.2
lmnhb	32.03	1	2018	31500281	2778	2602	2967	4.7	4.4	5	6.5	6.1	7	8.8	8.3	9.4
lmnhb	32.03	2	1995	29727493.5	1263	1169	1363	2.3	2.1	2.5	3.2	3	3.5	4.2	3.9	4.6
lmnhb	32.03	2	1996	29830389.5	1310	1223	1403	2.4	2.2	2.5	3.3	3.1	3.5	4.4	4.1	4.7
lmnhb	32.03	2	1997	29931526	1361	1279	1445	2.4	2.2	2.6	3.4	3.2	3.6	4.5	4.3	4.8
lmnhb	32.03	2	1998	30036624.5	1412	1339	1489	2.5	2.3	2.6	3.4	3.3	3.6	4.7	4.5	5
lmnhb	32.03	2	1999	30191342.5	1469	1401	1539	2.5	2.4	2.6	3.5	3.4	3.7	4.9	4.6	5.1
lmnhb	32.03	2	2000	30404491.5	1531	1468	1596	2.6	2.4	2.7	3.6	3.5	3.8	5	4.8	5.2
lmnhb	32.03	2	2001	30631830.5	1598	1536	1659	2.6	2.5	2.7	3.7	3.6	3.8	5.2	5	5.4
lmnhb	32.03	2	2002	30860462.5	1665	1603	1726	2.7	2.6	2.8	3.8	3.6	3.9	5.4	5.2	5.6
lmnhb	32.03	2	2003	31083389.5	1731	1666	1795	2.7	2.6	2.8	3.9	3.7	4	5.6	5.4	5.8
lmnhb	32.03	2	2004	31319326	1799	1728	1866	2.8	2.7	2.9	3.9	3.8	4.1	5.7	5.5	6
lmnhb	32.03	2	2005	31565612.5	1860	1789	1932	2.8	2.7	2.9	4	3.8	4.2	5.9	5.7	6.1
lmnhb	32.03	2	2006	31781491	1913	1842	1985	2.9	2.7	3	4	3.9	4.2	6	5.8	6.2
lmnhb	32.03	2	2007	31963889.5	1953	1887	2025	2.9	2.8	3	4.1	3.9	4.2	6.1	5.9	6.3
lmnhb	32.03	2	2008	32134197	1991	1928	2058	2.9	2.8	3	4.1	4	4.2	6.2	6	6.4
lmnhb	32.03	2	2009	32292780	2022	1963	2087	2.9	2.8	3	4.1	4	4.3	6.3	6.1	6.5
lmnhb	32.03	2	2010	32442000.5	2055	1993	2116	3	2.9	3.1	4.2	4	4.3	6.3	6.1	6.5
lmnhb	32.03	2	2011	32596758.5	2083	2020	2151	3	2.9	3.1	4.2	4	4.3	6.4	6.2	6.6
lmnhb	32.03	2	2012	32754328.5	2116	2044	2188	3	2.9	3.1	4.2	4	4.4	6.5	6.2	6.7
lmnhb	32.03	2	2013	32917445	2145	2065	2231	3	2.9	3.2	4.2	4	4.4	6.5	6.3	6.8
lmnhb	32.03	2	2014	33078234.5	2178	2086	2277	3.1	2.9	3.2	4.2	4	4.5	6.6	6.3	6.9
lmnhb	32.03	2	2015	33219169.5	2212	2104	2323	3.1	2.9	3.3	4.3	4.1	4.5	6.7	6.3	7
lmnhb	32.03	2	2016	33346795	2242	2120	2371	3.1	2.9	3.4	4.3	4.1	4.6	6.7	6.4	7.1
lmnhb	32.03	2	2017	33463250.5	2275	2136	2420	3.2	2.9	3.4	4.3	4.1	4.6	6.8	6.4	7.2
lmnhb	32.03	2	2018	33517815	2293	2140	2458	3.2	3	3.5	4.4	4.1	4.7	6.8	6.4	7.3
lmnhman	32.04	1	2003	29220241.5	364	323	411	0.7	0.6	0.8	1.1	1	1.2	1.2	1.1	1.4
lmnhman	32.04	1	2004	29415016.5	378	342	422	0.7	0.7	0.8	1.1	1	1.2	1.3	1.2	1.4
lmnhman	32.04	1	2005	29615886	397	361	435	0.8	0.7	0.8	1.1	1	1.2	1.3	1.2	1.5
lmnhman	32.04	1	2006	29815994.5	412	380	447	0.8	0.7	0.8	1.2	1.1	1.3	1.4	1.3	1.5
lmnhman	32.04	1	2007	30001162.5	428	400	461	0.8	0.7	0.9	1.2	1.1	1.3	1.4	1.3	1.5
lmnhman	32.04	1	2008	30166090.5	447	421	476	0.8	0.8	0.9	1.2	1.1	1.3	1.5	1.4	1.6
lmnhman	32.04	1	2009	30322692	466	440	493	0.8	0.8	0.9	1.2	1.2	1.3	1.5	1.5	1.6
lmnhman	32.04	1	2010	30475789	485	459	513	0.8	0.8	0.9	1.3	1.2	1.3	1.6	1.5	1.7
lmnhman	32.04	1	2011	30626399	504	477	536	0.9	0.8	0.9	1.3	1.2	1.4	1.6	1.6	1.7
lmnhman	32.04	1	2012	30782589.5	527	495	562	0.9	0.8	0.9	1.3	1.2	1.4	1.7	1.6	1.8
lmnhman	32.04	1	2013	30945466.5	549	511	591	0.9	0.8	1	1.3	1.3	1.5	1.8	1.7	1.9
lmnhman	32.04	1	2014	31086155	573	528	624	0.9	0.8	1	1.4	1.3	1.5	1.8	1.7	2
lmnhman	32.04	1	2015	31210477	597	543	658	0.9	0.9	1	1.4	1.3	1.6	1.9	1.7	2.1
lmnhman	32.04	1	2016	31332989	623	559	695	1	0.9	1.1	1.4	1.3	1.6	2	1.8	2.2
lmnhman	32.04	1	2017	31446345.5	651	575	734	1	0.9	1.1	1.5	1.3	1.7	2.1	1.8	2.3
lmnhman	32.04	1	2018	31500281	673	585	769	1	0.9	1.2	1.5	1.3	1.7	2.1	1.9	2.4
lmnhman	32.04	2	2003	31083389.5	175	157	191	0.2	0.2	0.3	0.4	0.3	0.4	0.6	0.5	0.6
lmnhman	32.04	2	2004	31319326	177	160	195	0.2	0.2	0.3	0.4	0.3	0.4	0.6	0.5	0.6
lmnhman	32.04	2	2005	31565612.5	179	163	199	0.2	0.2	0.3	0.4	0.3	0.4	0.6	0.5	0.6
lmnhman	32.04	2	2006	31781491	184	166	202	0.2	0.2	0.3	0.4	0.3	0.4	0.6	0.5	0.6
lmnhman	32.04	2	2007	31963889.5	186	169	205	0.2	0.2	0.3	0.4	0.3	0.4	0.6	0.5	0.6
lmnhman	32.04	2	2008	32134197	189	171	208	0.2	0.2	0.3	0.4	0.3	0.4	0.6	0.5	0.6
lmnhman	32.04	2	2009	32292780	192	174	211	0.2	0.2	0.3	0.4	0.3	0.4	0.6	0.5	0.7
lmnhman	32.04	2	2010	32442000.5	195	176	214	0.2	0.2	0.3	0.4	0.3	0.4	0.6	0.5	0.7
lmnhman	32.04	2	2011	32596758.5	197	178	217	0.2	0.2	0.3	0.4	0.3	0.4	0.6	0.5	0.7
lmnhman	32.04	2	2012	32754328.5	200	181	219	0.2	0.2	0.3	0.4	0.3	0.4	0.6	0.6	0.7
lmnhman	32.04	2	2013	32917445	201	183	222	0.2	0.2	0.3	0.4	0.3	0.4	0.6	0.6	0.7
lmnhman	32.04	2	2014	33078234.5	203	186	226	0.2	0.2	0.3	0.4	0.3	0.4	0.6	0.6	0.7
lmnhman	32.04	2	2015	33219169.5	208	188	229	0.2	0.2	0.3	0.4	0.3	0.4	0.6	0.6	0.7
lmnhman	32.04	2	2016	33346795	210	190	232	0.2	0.2	0.3	0.4	0.3	0.4	0.6	0.6	0.7
lmnhman	32.04	2	2017	33463250.5	211	193	235	0.2	0.2	0.3	0.4	0.3	0.4	0.6	0.6	0.7
lmnhman	32.04	2	2018	33517815	214	194	236	0.2	0.2	0.3	0.4	0.3	0.4	0.6	0.6	0.7
lmnhburkitt	32.05	1	1995	28116753.5	134	103	176	0.5	0.4	0.7	0.5	0.4	0.6	0.5	0.4	0.6
lmnhburkitt	32.05	1	1996	28195599	140	109	178	0.5	0.4	0.7	0.5	0.4	0.6	0.5	0.4	0.6
lmnhburkitt	32.05	1	1997	28275964	145	116	179	0.5	0.4	0.7	0.5	0.4	0.6	0.5	0.4	0.6
lmnhburkitt	32.05	1	1998	28361163	150	123	181	0.6	0.5	0.7	0.5	0.4	0.6	0.5	0.4	0.6
lmnhburkitt	32.05	1	1999	28486063	153	129	184	0.6	0.5	0.7	0.5	0.5	0.7	0.5	0.5	0.6
lmnhburkitt	32.05	1	2000	28657893.5	160	136	188	0.6	0.5	0.7	0.6	0.5	0.7	0.6	0.5	0.7
lmnhburkitt	32.05	1	2001	28844405	167	142	194	0.6	0.5	0.7	0.6	0.5	0.7	0.6	0.5	0.7
lmnhburkitt	32.05	1	2002	29033407.5	171	148	200	0.6	0.5	0.7	0.6	0.5	0.7	0.6	0.5	0.7
lmnhburkitt	32.05	1	2003	29220241.5	178	152	207	0.6	0.5	0.7	0.6	0.5	0.7	0.6	0.5	0.7
lmnhburkitt	32.05	1	2004	29415016.5	185	155	213	0.6	0.5	0.8	0.6	0.5	0.7	0.6	0.5	0.7
lmnhburkitt	32.05	1	2005	29615886	186	157	217	0.6	0.5	0.8	0.6	0.5	0.7	0.6	0.5	0.7
lmnhburkitt	32.05	1	2006	29815994.5	187	159	217	0.6	0.5	0.8	0.6	0.5	0.7	0.6	0.5	0.7
lmnhburkitt	32.05	1	2007	30001162.5	189	159	215	0.6	0.5	0.7	0.6	0.5	0.7	0.6	0.5	0.7
lmnhburkitt	32.05	1	2008	30166090.5	181	158	211	0.6	0.5	0.7	0.6	0.5	0.7	0.6	0.5	0.7
lmnhburkitt	32.05	1	2009	30322692	179	157	206	0.6	0.5	0.7	0.6	0.5	0.7	0.6	0.5	0.7
lmnhburkitt	32.05	1	2010	30475789	177	154	202	0.6	0.5	0.7	0.6	0.5	0.7	0.6	0.5	0.7
lmnhburkitt	32.05	1	2011	30626399	174	150	199	0.6	0.5	0.7	0.6	0.5	0.6	0.6	0.5	0.6
lmnhburkitt	32.05	1	2012	30782589.5	168	146	197	0.6	0.5	0.7	0.5	0.5	0.6	0.5	0.5	0.6
lmnhburkitt	32.05	1	2013	30945466.5	169	141	196	0.5	0.5	0.6	0.5	0.4	0.6	0.5	0.5	0.6
lmnhburkitt	32.05	1	2014	31086155	165	136	196	0.5	0.4	0.6	0.5	0.4	0.6	0.5	0.4	0.6
lmnhburkitt	32.05	1	2015	31210477	160	131	196	0.5	0.4	0.6	0.5	0.4	0.6	0.5	0.4	0.6
lmnhburkitt	32.05	1	2016	31332989	156	125	196	0.5	0.4	0.6	0.5	0.4	0.6	0.5	0.4	0.6
lmnhburkitt	32.05	1	2017	31446345.5	153	120	196	0.5	0.4	0.6	0.5	0.4	0.6	0.5	0.4	0.6
lmnhburkitt	32.05	1	2018	31500281	149	114	196	0.5	0.4	0.6	0.5	0.4	0.6	0.5	0.4	0.6
lmnhburkitt	32.05	2	1995	29727493.5	58	48	68	0.2	0.1	0.2	0.2	0.1	0.2	0.2	0.2	0.2
lmnhburkitt	32.05	2	1996	29830389.5	56	48	68	0.2	0.1	0.2	0.2	0.1	0.2	0.2	0.2	0.2
lmnhburkitt	32.05	2	1997	29931526	56	48	69	0.2	0.1	0.2	0.2	0.1	0.2	0.2	0.2	0.2
lmnhburkitt	32.05	2	1998	30036624.5	57	48	69	0.2	0.1	0.2	0.2	0.1	0.2	0.2	0.2	0.2
lmnhburkitt	32.05	2	1999	30191342.5	58	49	70	0.2	0.1	0.2	0.2	0.1	0.2	0.2	0.2	0.2
lmnhburkitt	32.05	2	2000	30404491.5	59	49	70	0.2	0.1	0.2	0.2	0.1	0.2	0.2	0.2	0.2
lmnhburkitt	32.05	2	2001	30631830.5	58	50	71	0.2	0.1	0.2	0.2	0.1	0.2	0.2	0.2	0.2
lmnhburkitt	32.05	2	2002	30860462.5	59	50	72	0.2	0.1	0.2	0.2	0.1	0.2	0.2	0.2	0.2
lmnhburkitt	32.05	2	2003	31083389.5	59	51	73	0.2	0.1	0.2	0.2	0.1	0.2	0.2	0.2	0.2
lmnhburkitt	32.05	2	2004	31319326	60	51	73	0.2	0.1	0.2	0.2	0.1	0.2	0.2	0.2	0.2
lmnhburkitt	32.05	2	2005	31565612.5	61	52	74	0.2	0.1	0.2	0.2	0.1	0.2	0.2	0.2	0.2
lmnhburkitt	32.05	2	2006	31781491	62	53	75	0.2	0.1	0.2	0.2	0.1	0.2	0.2	0.2	0.2
lmnhburkitt	32.05	2	2007	31963889.5	64	53	76	0.2	0.1	0.2	0.2	0.1	0.2	0.2	0.2	0.2
lmnhburkitt	32.05	2	2008	32134197	65	54	77	0.2	0.1	0.2	0.2	0.1	0.2	0.2	0.2	0.2
lmnhburkitt	32.05	2	2009	32292780	66	54	77	0.2	0.1	0.2	0.2	0.1	0.2	0.2	0.2	0.2
lmnhburkitt	32.05	2	2010	32442000.5	65	55	78	0.2	0.1	0.2	0.2	0.1	0.2	0.2	0.2	0.2
lmnhburkitt	32.05	2	2011	32596758.5	65	55	78	0.2	0.1	0.2	0.2	0.1	0.2	0.2	0.2	0.2
lmnhburkitt	32.05	2	2012	32754328.5	67	55	79	0.2	0.1	0.2	0.2	0.1	0.2	0.2	0.2	0.2
lmnhburkitt	32.05	2	2013	32917445	67	56	80	0.2	0.1	0.2	0.2	0.1	0.2	0.2	0.2	0.2
lmnhburkitt	32.05	2	2014	33078234.5	68	56	81	0.2	0.1	0.2	0.2	0.1	0.2	0.2	0.2	0.2
lmnhburkitt	32.05	2	2015	33219169.5	69	57	81	0.2	0.1	0.2	0.2	0.1	0.2	0.2	0.2	0.2
lmnhburkitt	32.05	2	2016	33346795	70	57	82	0.2	0.1	0.2	0.2	0.1	0.2	0.2	0.2	0.2
lmnhburkitt	32.05	2	2017	33463250.5	70	58	82	0.2	0.1	0.2	0.2	0.1	0.2	0.2	0.2	0.2
lmnhburkitt	32.05	2	2018	33517815	71	58	83	0.2	0.1	0.2	0.2	0.1	0.2	0.2	0.2	0.2
lmnhm	32.07	1	1995	28116753.5	1440	1322	1567	3.3	3	3.5	4.9	4.5	5.3	5.1	4.7	5.6
lmnhm	32.07	1	1996	28195599	1494	1385	1615	3.3	3.1	3.6	5	4.6	5.4	5.3	4.9	5.7
lmnhm	32.07	1	1997	28275964	1557	1451	1667	3.4	3.2	3.6	5.1	4.8	5.5	5.5	5.1	5.9
lmnhm	32.07	1	1998	28361163	1616	1519	1722	3.5	3.3	3.7	5.2	4.9	5.6	5.7	5.4	6.1
lmnhm	32.07	1	1999	28486063	1683	1591	1783	3.6	3.4	3.8	5.3	5.1	5.7	5.9	5.6	6.3
lmnhm	32.07	1	2000	28657893.5	1757	1666	1851	3.6	3.5	3.8	5.5	5.2	5.8	6.1	5.8	6.5
lmnhm	32.07	1	2001	28844405	1833	1743	1926	3.7	3.5	3.9	5.6	5.3	5.9	6.4	6	6.7
lmnhm	32.07	1	2002	29033407.5	1910	1819	2007	3.8	3.6	4	5.7	5.4	6	6.6	6.3	6.9
lmnhm	32.07	1	2003	29220241.5	1987	1891	2090	3.9	3.7	4.1	5.8	5.5	6.1	6.8	6.5	7.2
lmnhm	32.07	1	2004	29415016.5	2065	1963	2173	3.9	3.7	4.2	5.9	5.6	6.2	7	6.7	7.4
lmnhm	32.07	1	2005	29615886	2140	2033	2252	4	3.8	4.2	6	5.7	6.3	7.2	6.9	7.6
lmnhm	32.07	1	2006	29815994.5	2207	2098	2320	4.1	3.8	4.3	6.1	5.8	6.4	7.4	7	7.8
lmnhm	32.07	1	2007	30001162.5	2266	2160	2379	4.1	3.9	4.3	6.1	5.8	6.4	7.6	7.2	7.9
lmnhm	32.07	1	2008	30166090.5	2322	2217	2431	4.1	3.9	4.3	6.2	5.9	6.4	7.7	7.3	8.1
lmnhm	32.07	1	2009	30322692	2372	2270	2479	4.1	3.9	4.3	6.2	5.9	6.4	7.8	7.5	8.2
lmnhm	32.07	1	2010	30475789	2419	2319	2527	4.1	3.9	4.3	6.2	5.9	6.5	7.9	7.6	8.3
lmnhm	32.07	1	2011	30626399	2472	2366	2581	4.1	3.9	4.3	6.2	5.9	6.5	8.1	7.7	8.4
lmnhm	32.07	1	2012	30782589.5	2522	2411	2639	4.1	3.9	4.3	6.2	5.9	6.5	8.2	7.8	8.6
lmnhm	32.07	1	2013	30945466.5	2574	2453	2702	4.1	3.9	4.3	6.2	5.9	6.5	8.3	7.9	8.7
lmnhm	32.07	1	2014	31086155	2629	2495	2770	4.1	3.9	4.4	6.2	5.9	6.5	8.5	8	8.9
lmnhm	32.07	1	2015	31210477	2682	2534	2841	4.1	3.9	4.4	6.2	5.9	6.6	8.6	8.1	9.1
lmnhm	32.07	1	2016	31332989	2737	2571	2914	4.1	3.9	4.4	6.2	5.8	6.6	8.7	8.2	9.3
lmnhm	32.07	1	2017	31446345.5	2792	2607	2990	4.1	3.9	4.4	6.2	5.8	6.7	8.9	8.3	9.5
lmnhm	32.07	1	2018	31500281	2822	2619	3041	4.2	3.9	4.5	6.2	5.8	6.7	9	8.3	9.7
lmnhm	32.07	2	1995	29727493.5	1510	1406	1627	2.6	2.4	2.8	3.8	3.5	4.1	5.1	4.7	5.5
lmnhm	32.07	2	1996	29830389.5	1545	1445	1653	2.6	2.4	2.8	3.8	3.6	4.1	5.2	4.8	5.5
lmnhm	32.07	2	1997	29931526	1582	1487	1682	2.6	2.4	2.8	3.9	3.6	4.1	5.3	5	5.6
lmnhm	32.07	2	1998	30036624.5	1621	1530	1714	2.6	2.5	2.8	3.9	3.7	4.1	5.4	5.1	5.7
lmnhm	32.07	2	1999	30191342.5	1662	1576	1751	2.6	2.5	2.8	3.9	3.7	4.2	5.5	5.2	5.8
lmnhm	32.07	2	2000	30404491.5	1707	1625	1793	2.7	2.5	2.8	4	3.8	4.2	5.6	5.3	5.9
lmnhm	32.07	2	2001	30631830.5	1755	1675	1839	2.7	2.6	2.8	4	3.8	4.2	5.7	5.5	6
lmnhm	32.07	2	2002	30860462.5	1804	1725	1888	2.7	2.6	2.8	4	3.8	4.2	5.8	5.6	6.1
lmnhm	32.07	2	2003	31083389.5	1853	1774	1939	2.7	2.6	2.9	4.1	3.9	4.2	6	5.7	6.2
lmnhm	32.07	2	2004	31319326	1906	1825	1994	2.7	2.6	2.9	4.1	3.9	4.3	6.1	5.8	6.4
lmnhm	32.07	2	2005	31565612.5	1965	1880	2052	2.8	2.6	2.9	4.1	3.9	4.3	6.2	6	6.5
lmnhm	32.07	2	2006	31781491	2018	1933	2106	2.8	2.7	2.9	4.1	4	4.3	6.3	6.1	6.6
lmnhm	32.07	2	2007	31963889.5	2069	1983	2156	2.8	2.7	2.9	4.2	4	4.4	6.5	6.2	6.7
lmnhm	32.07	2	2008	32134197	2118	2034	2205	2.8	2.7	2.9	4.2	4	4.4	6.6	6.3	6.9
lmnhm	32.07	2	2009	32292780	2167	2082	2254	2.8	2.7	2.9	4.2	4	4.4	6.7	6.4	7
lmnhm	32.07	2	2010	32442000.5	2213	2129	2304	2.8	2.7	3	4.2	4.1	4.4	6.8	6.6	7.1
lmnhm	32.07	2	2011	32596758.5	2266	2175	2358	2.8	2.7	3	4.3	4.1	4.5	7	6.7	7.2
lmnhm	32.07	2	2012	32754328.5	2314	2219	2414	2.9	2.7	3	4.3	4.1	4.5	7.1	6.8	7.4
lmnhm	32.07	2	2013	32917445	2365	2262	2474	2.9	2.7	3	4.3	4.1	4.5	7.2	6.9	7.5
lmnhm	32.07	2	2014	33078234.5	2420	2305	2538	2.9	2.7	3	4.3	4.1	4.6	7.3	7	7.7
lmnhm	32.07	2	2015	33219169.5	2472	2346	2603	2.9	2.7	3.1	4.4	4.1	4.6	7.4	7.1	7.8
lmnhm	32.07	2	2016	33346795	2523	2385	2670	2.9	2.7	3.1	4.4	4.1	4.6	7.6	7.2	8
lmnhm	32.07	2	2017	33463250.5	2578	2425	2740	2.9	2.7	3.1	4.4	4.1	4.7	7.7	7.2	8.2
lmnhm	32.07	2	2018	33517815	2620	2451	2796	2.9	2.7	3.2	4.4	4.1	4.7	7.8	7.3	8.3
lmnhw	32.08	1	1995	28116753.5	773	634	938	1.8	1.4	2.1	2.6	2.1	3.2	2.7	2.3	3.3
lmnhw	32.08	1	1996	28195599	769	635	934	1.7	1.4	2.1	2.6	2.1	3.1	2.7	2.3	3.3
lmnhw	32.08	1	1997	28275964	769	637	931	1.7	1.4	2	2.5	2.1	3.1	2.7	2.3	3.3
lmnhw	32.08	1	1998	28361163	769	639	930	1.6	1.4	2	2.5	2.1	3	2.7	2.3	3.3
lmnhw	32.08	1	1999	28486063	772	642	930	1.6	1.3	1.9	2.4	2	2.9	2.7	2.3	3.3
lmnhw	32.08	1	2000	28657893.5	775	646	932	1.6	1.3	1.9	2.4	2	2.9	2.7	2.3	3.3
lmnhw	32.08	1	2001	28844405	779	651	936	1.6	1.3	1.9	2.4	2	2.8	2.7	2.3	3.2
lmnhw	32.08	1	2002	29033407.5	785	656	940	1.5	1.3	1.8	2.3	1.9	2.8	2.7	2.3	3.2
lmnhw	32.08	1	2003	29220241.5	789	660	944	1.5	1.3	1.8	2.3	1.9	2.7	2.7	2.3	3.2
lmnhw	32.08	1	2004	29415016.5	795	666	950	1.5	1.2	1.8	2.2	1.9	2.7	2.7	2.3	3.2
lmnhw	32.08	1	2005	29615886	803	672	957	1.5	1.2	1.7	2.2	1.9	2.6	2.7	2.3	3.2
lmnhw	32.08	1	2006	29815994.5	808	678	964	1.4	1.2	1.7	2.2	1.8	2.6	2.7	2.3	3.2
lmnhw	32.08	1	2007	30001162.5	815	683	972	1.4	1.2	1.7	2.2	1.8	2.6	2.7	2.3	3.2
lmnhw	32.08	1	2008	30166090.5	819	689	979	1.4	1.2	1.6	2.1	1.8	2.5	2.7	2.3	3.2
lmnhw	32.08	1	2009	30322692	826	694	987	1.4	1.1	1.6	2.1	1.8	2.5	2.7	2.3	3.3
lmnhw	32.08	1	2010	30475789	835	699	995	1.3	1.1	1.6	2.1	1.7	2.5	2.7	2.3	3.3
lmnhw	32.08	1	2011	30626399	841	704	1004	1.3	1.1	1.6	2	1.7	2.4	2.7	2.3	3.3
lmnhw	32.08	1	2012	30782589.5	846	709	1013	1.3	1.1	1.6	2	1.7	2.4	2.7	2.3	3.3
lmnhw	32.08	1	2013	30945466.5	856	715	1024	1.3	1.1	1.5	2	1.7	2.4	2.8	2.3	3.3
lmnhw	32.08	1	2014	31086155	864	721	1036	1.3	1	1.5	2	1.6	2.3	2.8	2.3	3.3
lmnhw	32.08	1	2015	31210477	873	727	1049	1.2	1	1.5	1.9	1.6	2.3	2.8	2.3	3.4
lmnhw	32.08	1	2016	31332989	881	733	1061	1.2	1	1.5	1.9	1.6	2.3	2.8	2.3	3.4
lmnhw	32.08	1	2017	31446345.5	891	739	1075	1.2	1	1.5	1.9	1.6	2.3	2.8	2.4	3.4
lmnhw	32.08	1	2018	31500281	892	738	1078	1.2	1	1.4	1.9	1.5	2.2	2.8	2.3	3.4
lmnhw	32.08	2	1995	29727493.5	450	364	558	0.7	0.6	0.9	1.1	0.9	1.3	1.5	1.2	1.9
lmnhw	32.08	2	1996	29830389.5	455	370	556	0.7	0.6	0.9	1.1	0.9	1.3	1.5	1.2	1.9
lmnhw	32.08	2	1997	29931526	457	376	554	0.7	0.6	0.9	1.1	0.9	1.3	1.5	1.3	1.9
lmnhw	32.08	2	1998	30036624.5	458	381	554	0.7	0.6	0.9	1.1	0.9	1.3	1.5	1.3	1.8
lmnhw	32.08	2	1999	30191342.5	463	387	555	0.7	0.6	0.8	1.1	0.9	1.3	1.5	1.3	1.8
lmnhw	32.08	2	2000	30404491.5	468	393	559	0.7	0.6	0.8	1.1	0.9	1.3	1.5	1.3	1.8
lmnhw	32.08	2	2001	30631830.5	473	398	564	0.7	0.6	0.8	1	0.9	1.2	1.5	1.3	1.8
lmnhw	32.08	2	2002	30860462.5	478	403	570	0.7	0.6	0.8	1	0.9	1.2	1.5	1.3	1.8
lmnhw	32.08	2	2003	31083389.5	483	407	575	0.7	0.6	0.8	1	0.9	1.2	1.6	1.3	1.8
lmnhw	32.08	2	2004	31319326	486	410	580	0.7	0.6	0.8	1	0.9	1.2	1.6	1.3	1.9
lmnhw	32.08	2	2005	31565612.5	489	412	583	0.7	0.6	0.8	1	0.8	1.2	1.5	1.3	1.8
lmnhw	32.08	2	2006	31781491	489	412	582	0.7	0.6	0.8	1	0.8	1.2	1.5	1.3	1.8
lmnhw	32.08	2	2007	31963889.5	486	411	578	0.6	0.5	0.8	1	0.8	1.1	1.5	1.3	1.8
lmnhw	32.08	2	2008	32134197	483	408	572	0.6	0.5	0.7	0.9	0.8	1.1	1.5	1.3	1.8
lmnhw	32.08	2	2009	32292780	477	404	564	0.6	0.5	0.7	0.9	0.8	1.1	1.5	1.3	1.7
lmnhw	32.08	2	2010	32442000.5	471	399	557	0.6	0.5	0.7	0.9	0.8	1.1	1.5	1.2	1.7
lmnhw	32.08	2	2011	32596758.5	466	394	551	0.6	0.5	0.7	0.9	0.7	1	1.4	1.2	1.7
lmnhw	32.08	2	2012	32754328.5	460	388	545	0.6	0.5	0.7	0.9	0.7	1	1.4	1.2	1.7
lmnhw	32.08	2	2013	32917445	454	382	541	0.6	0.5	0.7	0.8	0.7	1	1.4	1.2	1.6
lmnhw	32.08	2	2014	33078234.5	449	376	537	0.5	0.5	0.6	0.8	0.7	1	1.4	1.1	1.6
lmnhw	32.08	2	2015	33219169.5	443	369	534	0.5	0.4	0.6	0.8	0.7	1	1.3	1.1	1.6
lmnhw	32.08	2	2016	33346795	438	361	531	0.5	0.4	0.6	0.8	0.6	0.9	1.3	1.1	1.6
lmnhw	32.08	2	2017	33463250.5	434	354	529	0.5	0.4	0.6	0.8	0.6	0.9	1.3	1.1	1.6
lmnhw	32.08	2	2018	33517815	425	344	524	0.5	0.4	0.6	0.7	0.6	0.9	1.3	1	1.6
lmnhtricho	32.09	1	1990	27606178	117	98	140	0.3	0.3	0.4	0.4	0.4	0.5	0.4	0.4	0.5
lmnhtricho	32.09	1	1991	27731738.5	121	105	147	0.3	0.3	0.4	0.5	0.4	0.6	0.4	0.4	0.5
lmnhtricho	32.09	1	1992	27855283	132	113	155	0.4	0.3	0.4	0.5	0.4	0.6	0.5	0.4	0.6
lmnhtricho	32.09	1	1993	27957444	140	120	165	0.4	0.3	0.4	0.5	0.4	0.6	0.5	0.4	0.6
lmnhtricho	32.09	1	1994	28038749.5	149	127	176	0.4	0.3	0.5	0.5	0.5	0.6	0.5	0.5	0.6
lmnhtricho	32.09	1	1995	28116753.5	159	136	187	0.4	0.4	0.5	0.6	0.5	0.7	0.6	0.5	0.7
lmnhtricho	32.09	1	1996	28195599	170	146	197	0.4	0.4	0.5	0.6	0.5	0.7	0.6	0.5	0.7
lmnhtricho	32.09	1	1997	28275964	179	156	207	0.5	0.4	0.5	0.6	0.5	0.7	0.6	0.6	0.7
lmnhtricho	32.09	1	1998	28361163	187	165	217	0.5	0.4	0.5	0.6	0.6	0.7	0.7	0.6	0.8
lmnhtricho	32.09	1	1999	28486063	196	172	226	0.5	0.4	0.6	0.7	0.6	0.8	0.7	0.6	0.8
lmnhtricho	32.09	1	2000	28657893.5	202	178	233	0.5	0.4	0.6	0.7	0.6	0.8	0.7	0.6	0.8
lmnhtricho	32.09	1	2001	28844405	207	182	235	0.5	0.4	0.6	0.7	0.6	0.8	0.7	0.6	0.8
lmnhtricho	32.09	1	2002	29033407.5	209	185	235	0.5	0.4	0.5	0.7	0.6	0.8	0.7	0.6	0.8
lmnhtricho	32.09	1	2003	29220241.5	207	185	233	0.5	0.4	0.5	0.7	0.6	0.7	0.7	0.6	0.8
lmnhtricho	32.09	1	2004	29415016.5	206	184	232	0.5	0.4	0.5	0.6	0.6	0.7	0.7	0.6	0.8
lmnhtricho	32.09	1	2005	29615886	204	183	232	0.5	0.4	0.5	0.6	0.6	0.7	0.7	0.6	0.8
lmnhtricho	32.09	1	2006	29815994.5	206	184	233	0.5	0.4	0.5	0.6	0.6	0.7	0.7	0.6	0.8
lmnhtricho	32.09	1	2007	30001162.5	207	186	234	0.5	0.4	0.5	0.6	0.6	0.7	0.7	0.6	0.8
lmnhtricho	32.09	1	2008	30166090.5	211	190	234	0.4	0.4	0.5	0.6	0.6	0.7	0.7	0.6	0.8
lmnhtricho	32.09	1	2009	30322692	214	195	236	0.4	0.4	0.5	0.6	0.6	0.7	0.7	0.6	0.8
lmnhtricho	32.09	1	2010	30475789	216	198	239	0.4	0.4	0.5	0.6	0.6	0.7	0.7	0.7	0.8
lmnhtricho	32.09	1	2011	30626399	219	201	243	0.5	0.4	0.5	0.6	0.6	0.7	0.7	0.7	0.8
lmnhtricho	32.09	1	2012	30782589.5	223	202	249	0.5	0.4	0.5	0.6	0.6	0.7	0.7	0.7	0.8
lmnhtricho	32.09	1	2013	30945466.5	225	202	257	0.5	0.4	0.5	0.6	0.6	0.7	0.7	0.7	0.8
lmnhtricho	32.09	1	2014	31086155	231	202	265	0.5	0.4	0.5	0.6	0.5	0.7	0.7	0.6	0.9
lmnhtricho	32.09	1	2015	31210477	234	201	275	0.5	0.4	0.5	0.6	0.5	0.7	0.7	0.6	0.9
lmnhtricho	32.09	1	2016	31332989	236	200	285	0.5	0.4	0.5	0.6	0.5	0.7	0.8	0.6	0.9
lmnhtricho	32.09	1	2017	31446345.5	242	198	295	0.5	0.4	0.6	0.6	0.5	0.8	0.8	0.6	0.9
lmnhtricho	32.09	1	2018	31500281	243	195	305	0.5	0.4	0.6	0.6	0.5	0.8	0.8	0.6	1
lmnhtricho	32.09	2	1990	29102652.5	44	38	53	0.1	0.1	0.1	0.1	0.1	0.2	0.2	0.1	0.2
lmnhtricho	32.09	2	1991	29243858.5	44	39	54	0.1	0.1	0.1	0.1	0.1	0.2	0.2	0.1	0.2
lmnhtricho	32.09	2	1992	29384564	46	39	55	0.1	0.1	0.1	0.1	0.1	0.2	0.2	0.1	0.2
lmnhtricho	32.09	2	1993	29509640.5	46	40	55	0.1	0.1	0.1	0.1	0.1	0.2	0.2	0.1	0.2
lmnhtricho	32.09	2	1994	29620022	45	40	56	0.1	0.1	0.1	0.1	0.1	0.2	0.2	0.1	0.2
lmnhtricho	32.09	2	1995	29727493.5	47	41	57	0.1	0.1	0.1	0.1	0.1	0.2	0.2	0.1	0.2
lmnhtricho	32.09	2	1996	29830389.5	47	42	58	0.1	0.1	0.1	0.1	0.1	0.2	0.2	0.1	0.2
lmnhtricho	32.09	2	1997	29931526	47	42	59	0.1	0.1	0.1	0.1	0.1	0.2	0.2	0.1	0.2
lmnhtricho	32.09	2	1998	30036624.5	48	43	59	0.1	0.1	0.1	0.1	0.1	0.2	0.2	0.1	0.2
lmnhtricho	32.09	2	1999	30191342.5	49	43	60	0.1	0.1	0.1	0.1	0.1	0.2	0.2	0.1	0.2
lmnhtricho	32.09	2	2000	30404491.5	52	44	61	0.1	0.1	0.1	0.1	0.1	0.2	0.2	0.1	0.2
lmnhtricho	32.09	2	2001	30631830.5	53	45	62	0.1	0.1	0.1	0.1	0.1	0.2	0.2	0.1	0.2
lmnhtricho	32.09	2	2002	30860462.5	53	46	63	0.1	0.1	0.1	0.1	0.1	0.2	0.2	0.1	0.2
lmnhtricho	32.09	2	2003	31083389.5	55	46	64	0.1	0.1	0.1	0.1	0.1	0.2	0.2	0.1	0.2
lmnhtricho	32.09	2	2004	31319326	55	47	65	0.1	0.1	0.1	0.1	0.1	0.2	0.2	0.1	0.2
lmnhtricho	32.09	2	2005	31565612.5	56	48	66	0.1	0.1	0.1	0.1	0.1	0.2	0.2	0.2	0.2
lmnhtricho	32.09	2	2006	31781491	56	48	67	0.1	0.1	0.1	0.1	0.1	0.2	0.2	0.2	0.2
lmnhtricho	32.09	2	2007	31963889.5	57	49	68	0.1	0.1	0.1	0.1	0.1	0.2	0.2	0.2	0.2
lmnhtricho	32.09	2	2008	32134197	57	49	68	0.1	0.1	0.1	0.1	0.1	0.2	0.2	0.2	0.2
lmnhtricho	32.09	2	2009	32292780	59	50	69	0.1	0.1	0.1	0.1	0.1	0.2	0.2	0.2	0.2
lmnhtricho	32.09	2	2010	32442000.5	58	50	70	0.1	0.1	0.1	0.1	0.1	0.2	0.2	0.2	0.2
lmnhtricho	32.09	2	2011	32596758.5	58	51	70	0.1	0.1	0.1	0.1	0.1	0.2	0.2	0.2	0.2
lmnhtricho	32.09	2	2012	32754328.5	59	51	71	0.1	0.1	0.1	0.1	0.1	0.2	0.2	0.2	0.2
lmnhtricho	32.09	2	2013	32917445	60	52	72	0.1	0.1	0.1	0.1	0.1	0.2	0.2	0.2	0.2
lmnhtricho	32.09	2	2014	33078234.5	58	52	72	0.1	0.1	0.1	0.1	0.1	0.2	0.2	0.2	0.2
lmnhtricho	32.09	2	2015	33219169.5	59	52	73	0.1	0.1	0.1	0.1	0.1	0.2	0.2	0.2	0.2
lmnhtricho	32.09	2	2016	33346795	60	53	73	0.1	0.1	0.1	0.1	0.1	0.2	0.2	0.2	0.2
lmnhtricho	32.09	2	2017	33463250.5	61	53	74	0.1	0.1	0.1	0.1	0.1	0.2	0.2	0.2	0.2
lmnhtricho	32.09	2	2018	33517815	61	53	74	0.1	0.1	0.1	0.1	0.1	0.2	0.2	0.2	0.2
lmnht	32.10	1	2003	29220241.5	796	748	848	1.8	1.7	1.9	2.5	2.3	2.6	2.7	2.6	2.9
lmnht	32.10	1	2004	29415016.5	810	760	861	1.8	1.7	1.9	2.5	2.3	2.6	2.8	2.6	2.9
lmnht	32.10	1	2005	29615886	824	773	876	1.8	1.7	1.9	2.5	2.3	2.6	2.8	2.6	3
lmnht	32.10	1	2006	29815994.5	835	786	890	1.8	1.7	1.9	2.5	2.3	2.6	2.8	2.6	3
lmnht	32.10	1	2007	30001162.5	851	798	905	1.8	1.7	1.9	2.5	2.3	2.6	2.8	2.7	3
lmnht	32.10	1	2008	30166090.5	864	811	919	1.8	1.7	1.9	2.5	2.3	2.6	2.9	2.7	3
lmnht	32.10	1	2009	30322692	877	824	933	1.8	1.7	1.9	2.5	2.3	2.6	2.9	2.7	3.1
lmnht	32.10	1	2010	30475789	891	836	947	1.8	1.7	1.9	2.5	2.3	2.6	2.9	2.7	3.1
lmnht	32.10	1	2011	30626399	902	849	962	1.8	1.7	1.9	2.5	2.3	2.6	2.9	2.8	3.1
lmnht	32.10	1	2012	30782589.5	918	862	977	1.8	1.7	1.9	2.5	2.3	2.6	3	2.8	3.2
lmnht	32.10	1	2013	30945466.5	930	876	993	1.8	1.7	1.9	2.5	2.3	2.6	3	2.8	3.2
lmnht	32.10	1	2014	31086155	947	890	1009	1.8	1.7	1.9	2.5	2.3	2.6	3	2.9	3.2
lmnht	32.10	1	2015	31210477	962	904	1024	1.8	1.7	1.9	2.5	2.3	2.6	3.1	2.9	3.3
lmnht	32.10	1	2016	31332989	975	917	1040	1.8	1.7	1.9	2.5	2.3	2.6	3.1	2.9	3.3
lmnht	32.10	1	2017	31446345.5	991	931	1055	1.8	1.7	1.9	2.5	2.3	2.6	3.2	3	3.4
lmnht	32.10	1	2018	31500281	997	938	1063	1.8	1.7	1.9	2.5	2.3	2.6	3.2	3	3.4
lmnht	32.10	2	2003	31083389.5	488	434	549	1	0.8	1.1	1.2	1.1	1.4	1.6	1.4	1.8
lmnht	32.10	2	2004	31319326	506	454	563	1	0.9	1.1	1.3	1.1	1.4	1.6	1.4	1.8
lmnht	32.10	2	2005	31565612.5	524	475	577	1	0.9	1.1	1.3	1.2	1.4	1.7	1.5	1.8
lmnht	32.10	2	2006	31781491	542	496	592	1	0.9	1.1	1.3	1.2	1.4	1.7	1.6	1.9
lmnht	32.10	2	2007	31963889.5	561	516	607	1	0.9	1.1	1.3	1.2	1.5	1.8	1.6	1.9
lmnht	32.10	2	2008	32134197	579	535	623	1.1	1	1.1	1.4	1.3	1.5	1.8	1.7	1.9
lmnht	32.10	2	2009	32292780	597	554	640	1.1	1	1.2	1.4	1.3	1.5	1.8	1.7	2
lmnht	32.10	2	2010	32442000.5	616	572	659	1.1	1	1.2	1.4	1.3	1.5	1.9	1.8	2
lmnht	32.10	2	2011	32596758.5	632	589	681	1.1	1	1.2	1.5	1.3	1.6	1.9	1.8	2.1
lmnht	32.10	2	2012	32754328.5	654	605	705	1.1	1	1.2	1.5	1.4	1.6	2	1.8	2.2
lmnht	32.10	2	2013	32917445	673	620	732	1.2	1.1	1.3	1.5	1.4	1.6	2	1.9	2.2
lmnht	32.10	2	2014	33078234.5	697	635	761	1.2	1.1	1.3	1.5	1.4	1.7	2.1	1.9	2.3
lmnht	32.10	2	2015	33219169.5	716	649	792	1.2	1.1	1.3	1.6	1.4	1.7	2.2	2	2.4
lmnht	32.10	2	2016	33346795	737	662	824	1.2	1.1	1.4	1.6	1.4	1.8	2.2	2	2.5
lmnht	32.10	2	2017	33463250.5	761	675	859	1.3	1.1	1.4	1.6	1.4	1.9	2.3	2	2.6
lmnht	32.10	2	2018	33517815	780	684	891	1.3	1.1	1.5	1.7	1.5	1.9	2.3	2	2.7
lmnht.cut	32.101	1	2003	29220241.5	413	374	456	0.9	0.9	1	1.3	1.2	1.4	1.4	1.3	1.6
lmnht.cut	32.101	1	2004	29415016.5	419	380	464	0.9	0.9	1	1.3	1.2	1.4	1.4	1.3	1.6
lmnht.cut	32.101	1	2005	29615886	428	387	471	0.9	0.9	1	1.3	1.2	1.4	1.4	1.3	1.6
lmnht.cut	32.101	1	2006	29815994.5	436	393	479	0.9	0.9	1	1.3	1.2	1.4	1.5	1.3	1.6
lmnht.cut	32.101	1	2007	30001162.5	441	399	487	0.9	0.9	1	1.3	1.2	1.4	1.5	1.3	1.6
lmnht.cut	32.101	1	2008	30166090.5	449	406	494	0.9	0.9	1	1.3	1.2	1.4	1.5	1.3	1.6
lmnht.cut	32.101	1	2009	30322692	454	412	502	0.9	0.9	1	1.3	1.2	1.4	1.5	1.4	1.7
lmnht.cut	32.101	1	2010	30475789	460	418	510	0.9	0.9	1	1.3	1.2	1.4	1.5	1.4	1.7
lmnht.cut	32.101	1	2011	30626399	469	424	517	0.9	0.9	1	1.3	1.2	1.4	1.5	1.4	1.7
lmnht.cut	32.101	1	2012	30782589.5	475	431	525	0.9	0.9	1	1.3	1.2	1.4	1.5	1.4	1.7
lmnht.cut	32.101	1	2013	30945466.5	482	438	534	0.9	0.9	1	1.3	1.2	1.4	1.6	1.4	1.7
lmnht.cut	32.101	1	2014	31086155	490	444	542	0.9	0.9	1	1.3	1.2	1.4	1.6	1.4	1.7
lmnht.cut	32.101	1	2015	31210477	497	451	550	0.9	0.9	1	1.3	1.2	1.4	1.6	1.4	1.8
lmnht.cut	32.101	1	2016	31332989	506	458	558	0.9	0.9	1	1.3	1.2	1.4	1.6	1.5	1.8
lmnht.cut	32.101	1	2017	31446345.5	512	464	566	0.9	0.9	1	1.3	1.2	1.4	1.6	1.5	1.8
lmnht.cut	32.101	1	2018	31500281	516	467	570	0.9	0.9	1	1.3	1.2	1.4	1.6	1.5	1.8
lmnht.cut	32.101	2	2003	31083389.5	249	222	280	0.5	0.5	0.6	0.7	0.6	0.8	0.8	0.7	0.9
lmnht.cut	32.101	2	2004	31319326	254	225	284	0.5	0.5	0.6	0.7	0.6	0.8	0.8	0.7	0.9
lmnht.cut	32.101	2	2005	31565612.5	257	228	288	0.5	0.5	0.6	0.7	0.6	0.8	0.8	0.7	0.9
lmnht.cut	32.101	2	2006	31781491	258	231	292	0.5	0.5	0.6	0.7	0.6	0.8	0.8	0.7	0.9
lmnht.cut	32.101	2	2007	31963889.5	264	234	296	0.5	0.5	0.6	0.7	0.6	0.8	0.8	0.7	0.9
lmnht.cut	32.101	2	2008	32134197	265	237	299	0.5	0.5	0.6	0.7	0.6	0.8	0.8	0.7	0.9
lmnht.cut	32.101	2	2009	32292780	269	239	302	0.5	0.5	0.6	0.7	0.6	0.8	0.8	0.7	0.9
lmnht.cut	32.101	2	2010	32442000.5	271	242	305	0.5	0.5	0.6	0.7	0.6	0.8	0.8	0.7	0.9
lmnht.cut	32.101	2	2011	32596758.5	274	244	309	0.5	0.5	0.6	0.7	0.6	0.8	0.8	0.7	0.9
lmnht.cut	32.101	2	2012	32754328.5	277	247	312	0.5	0.5	0.6	0.7	0.6	0.8	0.8	0.8	1
lmnht.cut	32.101	2	2013	32917445	281	250	315	0.5	0.5	0.6	0.7	0.6	0.8	0.9	0.8	1
lmnht.cut	32.101	2	2014	33078234.5	284	252	319	0.5	0.5	0.6	0.7	0.6	0.8	0.9	0.8	1
lmnht.cut	32.101	2	2015	33219169.5	286	255	322	0.5	0.5	0.6	0.7	0.6	0.8	0.9	0.8	1
lmnht.cut	32.101	2	2016	33346795	291	257	325	0.5	0.5	0.6	0.7	0.6	0.8	0.9	0.8	1
lmnht.cut	32.101	2	2017	33463250.5	292	260	328	0.5	0.5	0.6	0.7	0.6	0.8	0.9	0.8	1
lmnht.cut	32.101	2	2018	33517815	293	261	330	0.5	0.5	0.6	0.7	0.6	0.8	0.9	0.8	1
lmnht.ncut	32.102	1	2003	29220241.5	379	320	447	0.9	0.7	1	1.2	1	1.4	1.3	1.1	1.5
lmnht.ncut	32.102	1	2004	29415016.5	378	330	429	0.8	0.7	1	1.1	1	1.3	1.3	1.1	1.5
lmnht.ncut	32.102	1	2005	29615886	375	338	418	0.8	0.7	0.9	1.1	1	1.2	1.3	1.1	1.4
lmnht.ncut	32.102	1	2006	29815994.5	377	343	414	0.8	0.7	0.9	1.1	1	1.2	1.3	1.1	1.4
lmnht.ncut	32.102	1	2007	30001162.5	382	346	418	0.8	0.7	0.9	1.1	1	1.2	1.3	1.2	1.4
lmnht.ncut	32.102	1	2008	30166090.5	386	352	426	0.8	0.7	0.9	1.1	1	1.2	1.3	1.2	1.4
lmnht.ncut	32.102	1	2009	30322692	399	363	438	0.8	0.7	0.9	1.1	1	1.2	1.3	1.2	1.4
lmnht.ncut	32.102	1	2010	30475789	412	379	452	0.8	0.8	0.9	1.1	1	1.2	1.4	1.2	1.5
lmnht.ncut	32.102	1	2011	30626399	434	400	470	0.9	0.8	0.9	1.2	1.1	1.3	1.4	1.3	1.5
lmnht.ncut	32.102	1	2012	30782589.5	457	421	494	0.9	0.8	1	1.2	1.1	1.3	1.5	1.4	1.6
lmnht.ncut	32.102	1	2013	30945466.5	481	441	525	0.9	0.8	1	1.3	1.2	1.4	1.6	1.4	1.7
lmnht.ncut	32.102	1	2014	31086155	507	458	564	1	0.9	1.1	1.3	1.2	1.5	1.6	1.5	1.8
lmnht.ncut	32.102	1	2015	31210477	536	473	608	1	0.9	1.1	1.4	1.2	1.5	1.7	1.5	1.9
lmnht.ncut	32.102	1	2016	31332989	564	487	657	1	0.9	1.2	1.4	1.2	1.6	1.8	1.6	2.1
lmnht.ncut	32.102	1	2017	31446345.5	597	500	711	1.1	0.9	1.3	1.5	1.2	1.8	1.9	1.6	2.3
lmnht.ncut	32.102	1	2018	31500281	625	509	765	1.1	0.9	1.4	1.5	1.2	1.9	2	1.6	2.4
lmnht.ncut	32.102	2	2003	31083389.5	230	200	268	0.4	0.4	0.5	0.6	0.5	0.6	0.7	0.6	0.9
lmnht.ncut	32.102	2	2004	31319326	246	215	279	0.4	0.4	0.5	0.6	0.5	0.7	0.8	0.7	0.9
lmnht.ncut	32.102	2	2005	31565612.5	259	232	291	0.5	0.4	0.5	0.6	0.5	0.7	0.8	0.7	0.9
lmnht.ncut	32.102	2	2006	31781491	274	249	304	0.5	0.4	0.5	0.6	0.6	0.7	0.9	0.8	1
lmnht.ncut	32.102	2	2007	31963889.5	290	266	316	0.5	0.5	0.6	0.7	0.6	0.7	0.9	0.8	1
lmnht.ncut	32.102	2	2008	32134197	305	283	330	0.5	0.5	0.6	0.7	0.6	0.7	0.9	0.9	1
lmnht.ncut	32.102	2	2009	32292780	322	301	345	0.5	0.5	0.6	0.7	0.7	0.8	1	0.9	1.1
lmnht.ncut	32.102	2	2010	32442000.5	339	318	363	0.6	0.5	0.6	0.7	0.7	0.8	1	1	1.1
lmnht.ncut	32.102	2	2011	32596758.5	357	334	383	0.6	0.5	0.6	0.8	0.7	0.8	1.1	1	1.2
lmnht.ncut	32.102	2	2012	32754328.5	376	349	406	0.6	0.6	0.7	0.8	0.7	0.9	1.1	1.1	1.2
lmnht.ncut	32.102	2	2013	32917445	397	364	432	0.6	0.6	0.7	0.8	0.8	0.9	1.2	1.1	1.3
lmnht.ncut	32.102	2	2014	33078234.5	417	379	462	0.7	0.6	0.7	0.9	0.8	1	1.3	1.1	1.4
lmnht.ncut	32.102	2	2015	33219169.5	439	393	494	0.7	0.6	0.8	0.9	0.8	1	1.3	1.2	1.5
lmnht.ncut	32.102	2	2016	33346795	463	408	528	0.7	0.6	0.8	1	0.8	1.1	1.4	1.2	1.6
lmnht.ncut	32.102	2	2017	33463250.5	487	423	565	0.8	0.7	0.9	1	0.9	1.2	1.5	1.3	1.7
lmnht.ncut	32.102	2	2018	33517815	511	436	603	0.8	0.7	0.9	1	0.9	1.2	1.5	1.3	1.8
lmnhleu	32.11	1	1995	28116753.5	464	436	495	2	1.9	2.1	1.7	1.6	1.8	1.7	1.6	1.8
lmnhleu	32.11	1	1996	28195599	466	436	495	2	1.9	2.1	1.7	1.6	1.8	1.7	1.5	1.8
lmnhleu	32.11	1	1997	28275964	464	437	496	2	1.9	2.1	1.7	1.6	1.8	1.6	1.5	1.8
lmnhleu	32.11	1	1998	28361163	465	437	496	2	1.9	2.1	1.7	1.6	1.8	1.6	1.5	1.7
lmnhleu	32.11	1	1999	28486063	466	438	498	2	1.9	2.1	1.7	1.6	1.8	1.6	1.5	1.7
lmnhleu	32.11	1	2000	28657893.5	472	441	501	2	1.9	2.1	1.7	1.6	1.8	1.6	1.5	1.7
lmnhleu	32.11	1	2001	28844405	473	444	504	2	1.9	2.1	1.7	1.6	1.8	1.6	1.5	1.7
lmnhleu	32.11	1	2002	29033407.5	478	447	507	2	1.9	2.2	1.7	1.6	1.8	1.6	1.5	1.7
lmnhleu	32.11	1	2003	29220241.5	478	450	510	2	1.9	2.1	1.7	1.6	1.8	1.6	1.5	1.7
lmnhleu	32.11	1	2004	29415016.5	481	453	514	2	1.9	2.1	1.7	1.6	1.8	1.6	1.5	1.7
lmnhleu	32.11	1	2005	29615886	486	456	517	2	1.9	2.1	1.7	1.6	1.8	1.6	1.5	1.7
lmnhleu	32.11	1	2006	29815994.5	488	459	521	2	1.9	2.1	1.7	1.6	1.8	1.6	1.5	1.7
lmnhleu	32.11	1	2007	30001162.5	493	462	524	2	1.9	2.2	1.7	1.6	1.8	1.6	1.5	1.7
lmnhleu	32.11	1	2008	30166090.5	496	465	528	2	1.9	2.1	1.7	1.6	1.8	1.6	1.5	1.7
lmnhleu	32.11	1	2009	30322692	502	468	531	2	1.9	2.1	1.7	1.6	1.8	1.7	1.5	1.8
lmnhleu	32.11	1	2010	30475789	503	471	534	2	1.9	2.1	1.7	1.6	1.8	1.7	1.5	1.8
lmnhleu	32.11	1	2011	30626399	506	473	537	2	1.9	2.1	1.7	1.6	1.8	1.7	1.5	1.8
lmnhleu	32.11	1	2012	30782589.5	506	476	540	2	1.9	2.2	1.7	1.6	1.8	1.6	1.5	1.8
lmnhleu	32.11	1	2013	30945466.5	511	479	543	2	1.9	2.1	1.7	1.6	1.8	1.7	1.5	1.8
lmnhleu	32.11	1	2014	31086155	514	481	546	2	1.9	2.1	1.7	1.6	1.8	1.7	1.5	1.8
lmnhleu	32.11	1	2015	31210477	513	483	548	2	1.9	2.1	1.7	1.6	1.8	1.6	1.5	1.8
lmnhleu	32.11	1	2016	31332989	515	484	549	2	1.9	2.1	1.7	1.6	1.8	1.6	1.5	1.8
lmnhleu	32.11	1	2017	31446345.5	516	485	550	2	1.9	2.1	1.7	1.6	1.8	1.6	1.5	1.8
lmnhleu	32.11	1	2018	31500281	517	485	551	2	1.9	2.1	1.7	1.6	1.8	1.6	1.5	1.7
lmnhleu	32.11	2	1995	29727493.5	346	327	364	1.5	1.4	1.6	1.3	1.2	1.3	1.2	1.1	1.2
lmnhleu	32.11	2	1996	29830389.5	347	328	365	1.5	1.4	1.6	1.3	1.2	1.3	1.2	1.1	1.2
lmnhleu	32.11	2	1997	29931526	346	328	365	1.5	1.4	1.6	1.3	1.2	1.3	1.2	1.1	1.2
lmnhleu	32.11	2	1998	30036624.5	347	328	365	1.5	1.4	1.6	1.3	1.2	1.3	1.2	1.1	1.2
lmnhleu	32.11	2	1999	30191342.5	349	329	367	1.5	1.4	1.6	1.3	1.2	1.3	1.2	1.1	1.2
lmnhleu	32.11	2	2000	30404491.5	351	332	369	1.5	1.4	1.6	1.3	1.2	1.3	1.2	1.1	1.2
lmnhleu	32.11	2	2001	30631830.5	352	334	372	1.5	1.4	1.6	1.3	1.2	1.3	1.1	1.1	1.2
lmnhleu	32.11	2	2002	30860462.5	353	337	375	1.5	1.4	1.6	1.3	1.2	1.3	1.1	1.1	1.2
lmnhleu	32.11	2	2003	31083389.5	356	339	377	1.5	1.4	1.6	1.3	1.2	1.3	1.1	1.1	1.2
lmnhleu	32.11	2	2004	31319326	360	341	380	1.5	1.4	1.6	1.3	1.2	1.3	1.1	1.1	1.2
lmnhleu	32.11	2	2005	31565612.5	363	344	383	1.5	1.4	1.6	1.3	1.2	1.3	1.1	1.1	1.2
lmnhleu	32.11	2	2006	31781491	364	346	386	1.5	1.4	1.6	1.3	1.2	1.3	1.1	1.1	1.2
lmnhleu	32.11	2	2007	31963889.5	367	349	388	1.5	1.4	1.6	1.3	1.2	1.3	1.1	1.1	1.2
lmnhleu	32.11	2	2008	32134197	370	351	390	1.5	1.4	1.6	1.3	1.2	1.3	1.2	1.1	1.2
lmnhleu	32.11	2	2009	32292780	372	353	393	1.5	1.4	1.6	1.3	1.2	1.3	1.2	1.1	1.2
lmnhleu	32.11	2	2010	32442000.5	375	355	395	1.5	1.4	1.6	1.3	1.2	1.3	1.2	1.1	1.2
lmnhleu	32.11	2	2011	32596758.5	376	357	397	1.5	1.4	1.6	1.3	1.2	1.3	1.2	1.1	1.2
lmnhleu	32.11	2	2012	32754328.5	377	359	399	1.5	1.4	1.6	1.3	1.2	1.3	1.2	1.1	1.2
lmnhleu	32.11	2	2013	32917445	382	360	401	1.5	1.4	1.6	1.3	1.2	1.3	1.2	1.1	1.2
lmnhleu	32.11	2	2014	33078234.5	382	362	403	1.5	1.4	1.6	1.3	1.2	1.3	1.2	1.1	1.2
lmnhleu	32.11	2	2015	33219169.5	381	363	404	1.5	1.4	1.6	1.3	1.2	1.3	1.1	1.1	1.2
lmnhleu	32.11	2	2016	33346795	382	364	405	1.5	1.4	1.6	1.3	1.2	1.3	1.1	1.1	1.2
lmnhleu	32.11	2	2017	33463250.5	384	364	405	1.5	1.4	1.6	1.3	1.2	1.3	1.1	1.1	1.2
lmnhleu	32.11	2	2018	33517815	383	364	405	1.5	1.4	1.6	1.3	1.2	1.3	1.1	1.1	1.2
lmnhz	32.60	1	2003	29220241.5	566	482	667	1.2	1	1.4	1.7	1.4	2	1.9	1.6	2.3
lmnhz	32.60	1	2004	29415016.5	605	516	706	1.2	1	1.4	1.8	1.5	2.1	2.1	1.8	2.4
lmnhz	32.60	1	2005	29615886	645	554	749	1.3	1.1	1.5	1.8	1.6	2.1	2.2	1.9	2.5
lmnhz	32.60	1	2006	29815994.5	685	593	794	1.3	1.1	1.5	1.9	1.7	2.2	2.3	2	2.7
lmnhz	32.60	1	2007	30001162.5	731	634	843	1.4	1.2	1.6	2	1.8	2.3	2.4	2.1	2.8
lmnhz	32.60	1	2008	30166090.5	779	678	895	1.4	1.3	1.7	2.1	1.8	2.4	2.6	2.2	3
lmnhz	32.60	1	2009	30322692	828	723	951	1.5	1.3	1.7	2.2	1.9	2.5	2.7	2.4	3.1
lmnhz	32.60	1	2010	30475789	883	771	1012	1.6	1.4	1.8	2.3	2	2.7	2.9	2.5	3.3
lmnhz	32.60	1	2011	30626399	940	821	1078	1.7	1.4	1.9	2.4	2.1	2.8	3.1	2.7	3.5
lmnhz	32.60	1	2012	30782589.5	1001	874	1150	1.7	1.5	2	2.5	2.2	2.9	3.3	2.8	3.7
lmnhz	32.60	1	2013	30945466.5	1069	930	1229	1.8	1.6	2.1	2.7	2.3	3	3.5	3	4
lmnhz	32.60	1	2014	31086155	1140	989	1315	1.9	1.6	2.2	2.8	2.4	3.2	3.7	3.2	4.2
lmnhz	32.60	1	2015	31210477	1214	1050	1407	2	1.7	2.3	2.9	2.5	3.4	3.9	3.4	4.5
lmnhz	32.60	1	2016	31332989	1295	1113	1507	2.1	1.8	2.4	3	2.6	3.5	4.1	3.6	4.8
lmnhz	32.60	1	2017	31446345.5	1380	1180	1616	2.2	1.9	2.6	3.2	2.7	3.7	4.4	3.8	5.1
lmnhz	32.60	1	2018	31500281	1457	1238	1717	2.3	1.9	2.7	3.3	2.8	3.9	4.6	3.9	5.5
lmnhz	32.60	2	2003	31083389.5	497	422	584	0.9	0.7	1	1.2	1	1.5	1.6	1.4	1.9
lmnhz	32.60	2	2004	31319326	536	466	622	0.9	0.8	1.1	1.3	1.1	1.5	1.7	1.5	2
lmnhz	32.60	2	2005	31565612.5	583	512	667	1	0.8	1.1	1.4	1.2	1.6	1.8	1.6	2.1
lmnhz	32.60	2	2006	31781491	632	558	716	1	0.9	1.2	1.4	1.3	1.6	2	1.8	2.3
lmnhz	32.60	2	2007	31963889.5	682	603	769	1.1	0.9	1.2	1.5	1.3	1.7	2.1	1.9	2.4
lmnhz	32.60	2	2008	32134197	729	649	825	1.1	1	1.3	1.6	1.4	1.8	2.3	2	2.6
lmnhz	32.60	2	2009	32292780	780	695	880	1.2	1	1.3	1.7	1.5	1.9	2.4	2.2	2.7
lmnhz	32.60	2	2010	32442000.5	834	742	935	1.2	1.1	1.4	1.8	1.6	2	2.6	2.3	2.9
lmnhz	32.60	2	2011	32596758.5	884	790	992	1.3	1.1	1.4	1.8	1.6	2.1	2.7	2.4	3
lmnhz	32.60	2	2012	32754328.5	939	838	1053	1.3	1.2	1.5	1.9	1.7	2.1	2.9	2.6	3.2
lmnhz	32.60	2	2013	32917445	996	887	1119	1.4	1.2	1.6	2	1.8	2.2	3	2.7	3.4
lmnhz	32.60	2	2014	33078234.5	1058	936	1194	1.4	1.3	1.6	2.1	1.8	2.3	3.2	2.8	3.6
lmnhz	32.60	2	2015	33219169.5	1122	985	1277	1.5	1.3	1.7	2.2	1.9	2.5	3.4	3	3.8
lmnhz	32.60	2	2016	33346795	1191	1035	1367	1.5	1.3	1.8	2.2	1.9	2.6	3.6	3.1	4.1
lmnhz	32.60	2	2017	33463250.5	1262	1085	1467	1.6	1.4	1.9	2.3	2	2.7	3.8	3.2	4.4
lmnhz	32.60	2	2018	33517815	1333	1130	1568	1.7	1.4	2	2.4	2.1	2.9	4	3.4	4.7
lma	33.00	1	1990	27606178	837	769	908	2.2	2.1	2.4	3	2.8	3.3	3	2.8	3.3
lma	33.00	1	1991	27731738.5	872	808	947	2.3	2.1	2.5	3.1	2.9	3.4	3.1	2.9	3.4
lma	33.00	1	1992	27855283	915	846	989	2.4	2.2	2.6	3.2	3	3.5	3.3	3	3.6
lma	33.00	1	1993	27957444	959	883	1033	2.5	2.3	2.7	3.3	3.1	3.6	3.4	3.2	3.7
lma	33.00	1	1994	28038749.5	996	920	1077	2.5	2.3	2.8	3.4	3.2	3.7	3.6	3.3	3.8
lma	33.00	1	1995	28116753.5	1034	956	1118	2.6	2.4	2.8	3.5	3.3	3.8	3.7	3.4	4
lma	33.00	1	1996	28195599	1068	990	1154	2.7	2.5	2.9	3.6	3.3	3.9	3.8	3.5	4.1
lma	33.00	1	1997	28275964	1102	1023	1187	2.7	2.5	2.9	3.7	3.4	3.9	3.9	3.6	4.2
lma	33.00	1	1998	28361163	1132	1053	1217	2.7	2.5	2.9	3.7	3.4	4	4	3.7	4.3
lma	33.00	1	1999	28486063	1161	1079	1247	2.8	2.6	3	3.7	3.5	4	4.1	3.8	4.4
lma	33.00	1	2000	28657893.5	1189	1105	1275	2.8	2.6	3	3.8	3.5	4	4.1	3.9	4.4
lma	33.00	1	2001	28844405	1213	1131	1300	2.8	2.6	3	3.8	3.5	4.1	4.2	3.9	4.5
lma	33.00	1	2002	29033407.5	1237	1157	1323	2.8	2.6	3	3.8	3.5	4.1	4.3	4	4.6
lma	33.00	1	2003	29220241.5	1261	1180	1346	2.8	2.6	3	3.8	3.6	4.1	4.3	4	4.6
lma	33.00	1	2004	29415016.5	1285	1204	1372	2.8	2.6	3	3.8	3.6	4.1	4.4	4.1	4.7
lma	33.00	1	2005	29615886	1312	1230	1402	2.8	2.6	3	3.8	3.6	4.1	4.4	4.2	4.7
lma	33.00	1	2006	29815994.5	1340	1259	1433	2.8	2.7	3	3.8	3.6	4.1	4.5	4.2	4.8
lma	33.00	1	2007	30001162.5	1374	1291	1464	2.8	2.7	3	3.8	3.6	4.1	4.6	4.3	4.9
lma	33.00	1	2008	30166090.5	1409	1326	1496	2.9	2.7	3	3.9	3.6	4.1	4.7	4.4	5
lma	33.00	1	2009	30322692	1446	1362	1530	2.9	2.7	3.1	3.9	3.7	4.1	4.8	4.5	5
lma	33.00	1	2010	30475789	1479	1398	1566	2.9	2.7	3.1	3.9	3.7	4.2	4.9	4.6	5.1
lma	33.00	1	2011	30626399	1516	1433	1607	2.9	2.8	3.1	4	3.7	4.2	4.9	4.7	5.2
lma	33.00	1	2012	30782589.5	1554	1466	1650	3	2.8	3.1	4	3.8	4.2	5	4.8	5.4
lma	33.00	1	2013	30945466.5	1593	1497	1698	3	2.8	3.2	4	3.8	4.3	5.1	4.8	5.5
lma	33.00	1	2014	31086155	1634	1528	1749	3	2.8	3.2	4.1	3.8	4.3	5.3	4.9	5.6
lma	33.00	1	2015	31210477	1673	1557	1803	3	2.8	3.3	4.1	3.8	4.4	5.4	5	5.8
lma	33.00	1	2016	31332989	1716	1585	1859	3.1	2.8	3.3	4.1	3.8	4.5	5.5	5.1	5.9
lma	33.00	1	2017	31446345.5	1759	1612	1918	3.1	2.8	3.4	4.2	3.8	4.5	5.6	5.1	6.1
lma	33.00	1	2018	31500281	1787	1626	1963	3.1	2.8	3.4	4.2	3.8	4.6	5.7	5.2	6.2
lma	33.00	2	1990	29102652.5	764	706	826	1.8	1.6	1.9	2.2	2	2.4	2.6	2.4	2.8
lma	33.00	2	1991	29243858.5	786	729	847	1.8	1.7	2	2.3	2.1	2.4	2.7	2.5	2.9
lma	33.00	2	1992	29384564	811	753	869	1.8	1.7	2	2.3	2.1	2.5	2.8	2.6	3
lma	33.00	2	1993	29509640.5	831	777	892	1.9	1.7	2	2.3	2.2	2.5	2.8	2.6	3
lma	33.00	2	1994	29620022	857	800	915	1.9	1.8	2	2.4	2.2	2.5	2.9	2.7	3.1
lma	33.00	2	1995	29727493.5	878	825	940	1.9	1.8	2	2.4	2.3	2.6	3	2.8	3.2
lma	33.00	2	1996	29830389.5	903	849	964	1.9	1.8	2.1	2.4	2.3	2.6	3	2.8	3.2
lma	33.00	2	1997	29931526	928	873	989	2	1.8	2.1	2.5	2.3	2.6	3.1	2.9	3.3
lma	33.00	2	1998	30036624.5	955	897	1014	2	1.9	2.1	2.5	2.4	2.7	3.2	3	3.4
lma	33.00	2	1999	30191342.5	979	923	1041	2	1.9	2.1	2.6	2.4	2.7	3.2	3.1	3.4
lma	33.00	2	2000	30404491.5	1009	951	1071	2	1.9	2.2	2.6	2.4	2.7	3.3	3.1	3.5
lma	33.00	2	2001	30631830.5	1038	979	1101	2	1.9	2.2	2.6	2.5	2.8	3.4	3.2	3.6
lma	33.00	2	2002	30860462.5	1068	1009	1131	2.1	1.9	2.2	2.6	2.5	2.8	3.5	3.3	3.7
lma	33.00	2	2003	31083389.5	1099	1038	1162	2.1	2	2.2	2.7	2.5	2.8	3.5	3.3	3.7
lma	33.00	2	2004	31319326	1131	1069	1195	2.1	2	2.2	2.7	2.6	2.9	3.6	3.4	3.8
lma	33.00	2	2005	31565612.5	1166	1102	1231	2.1	2	2.2	2.7	2.6	2.9	3.7	3.5	3.9
lma	33.00	2	2006	31781491	1199	1135	1265	2.1	2	2.3	2.8	2.6	2.9	3.8	3.6	4
lma	33.00	2	2007	31963889.5	1233	1167	1299	2.1	2	2.3	2.8	2.6	2.9	3.9	3.7	4.1
lma	33.00	2	2008	32134197	1267	1200	1333	2.2	2	2.3	2.8	2.7	3	3.9	3.7	4.1
lma	33.00	2	2009	32292780	1300	1232	1368	2.2	2.1	2.3	2.8	2.7	3	4	3.8	4.2
lma	33.00	2	2010	32442000.5	1332	1264	1404	2.2	2.1	2.3	2.9	2.7	3	4.1	3.9	4.3
lma	33.00	2	2011	32596758.5	1365	1296	1444	2.2	2.1	2.3	2.9	2.7	3	4.2	4	4.4
lma	33.00	2	2012	32754328.5	1404	1329	1485	2.2	2.1	2.4	2.9	2.7	3.1	4.3	4.1	4.5
lma	33.00	2	2013	32917445	1445	1362	1530	2.2	2.1	2.4	2.9	2.8	3.1	4.4	4.1	4.6
lma	33.00	2	2014	33078234.5	1484	1395	1578	2.2	2.1	2.4	3	2.8	3.2	4.5	4.2	4.8
lma	33.00	2	2015	33219169.5	1528	1428	1627	2.3	2.1	2.4	3	2.8	3.2	4.6	4.3	4.9
lma	33.00	2	2016	33346795	1564	1460	1677	2.3	2.1	2.5	3	2.8	3.2	4.7	4.4	5
lma	33.00	2	2017	33463250.5	1607	1492	1730	2.3	2.1	2.5	3	2.8	3.3	4.8	4.5	5.2
lma	33.00	2	2018	33517815	1641	1516	1776	2.3	2.1	2.5	3.1	2.8	3.3	4.9	4.5	5.3
lmapro	33.1	1	2003	29220241.5	72	55	94	0.2	0.1	0.3	0.2	0.2	0.3	0.2	0.2	0.3
lmapro	33.1	1	2004	29415016.5	75	60	96	0.2	0.2	0.3	0.2	0.2	0.3	0.3	0.2	0.3
lmapro	33.1	1	2005	29615886	81	65	98	0.2	0.2	0.3	0.3	0.2	0.3	0.3	0.2	0.3
lmapro	33.1	1	2006	29815994.5	86	70	100	0.2	0.2	0.3	0.3	0.2	0.3	0.3	0.2	0.3
lmapro	33.1	1	2007	30001162.5	86	75	102	0.2	0.2	0.3	0.3	0.2	0.3	0.3	0.2	0.3
lmapro	33.1	1	2008	30166090.5	88	80	105	0.2	0.2	0.3	0.3	0.2	0.3	0.3	0.3	0.3
lmapro	33.1	1	2009	30322692	96	85	109	0.2	0.2	0.3	0.3	0.3	0.3	0.3	0.3	0.4
lmapro	33.1	1	2010	30475789	103	89	113	0.3	0.2	0.3	0.3	0.3	0.3	0.3	0.3	0.4
lmapro	33.1	1	2011	30626399	106	93	119	0.3	0.2	0.3	0.3	0.3	0.4	0.3	0.3	0.4
lmapro	33.1	1	2012	30782589.5	110	96	127	0.3	0.2	0.3	0.3	0.3	0.4	0.4	0.3	0.4
lmapro	33.1	1	2013	30945466.5	114	98	135	0.3	0.2	0.3	0.3	0.3	0.4	0.4	0.3	0.4
lmapro	33.1	1	2014	31086155	121	101	145	0.3	0.2	0.4	0.3	0.3	0.4	0.4	0.3	0.5
lmapro	33.1	1	2015	31210477	125	103	156	0.3	0.2	0.4	0.4	0.3	0.4	0.4	0.3	0.5
lmapro	33.1	1	2016	31332989	131	104	168	0.3	0.2	0.4	0.4	0.3	0.5	0.4	0.3	0.5
lmapro	33.1	1	2017	31446345.5	138	106	181	0.3	0.2	0.4	0.4	0.3	0.5	0.4	0.3	0.6
lmapro	33.1	1	2018	31500281	146	107	195	0.3	0.2	0.5	0.4	0.3	0.5	0.5	0.3	0.6
lmapro	33.1	2	2003	31083389.5	75	65	86	0.2	0.2	0.2	0.2	0.2	0.3	0.2	0.2	0.3
lmapro	33.1	2	2004	31319326	75	66	87	0.2	0.2	0.2	0.2	0.2	0.3	0.2	0.2	0.3
lmapro	33.1	2	2005	31565612.5	75	67	88	0.2	0.2	0.2	0.2	0.2	0.3	0.2	0.2	0.3
lmapro	33.1	2	2006	31781491	77	67	89	0.2	0.2	0.2	0.2	0.2	0.3	0.2	0.2	0.3
lmapro	33.1	2	2007	31963889.5	78	68	90	0.2	0.2	0.2	0.2	0.2	0.3	0.2	0.2	0.3
lmapro	33.1	2	2008	32134197	78	68	90	0.2	0.2	0.2	0.2	0.2	0.3	0.2	0.2	0.3
lmapro	33.1	2	2009	32292780	80	69	91	0.2	0.2	0.2	0.2	0.2	0.3	0.2	0.2	0.3
lmapro	33.1	2	2010	32442000.5	79	69	92	0.2	0.2	0.2	0.2	0.2	0.3	0.2	0.2	0.3
lmapro	33.1	2	2011	32596758.5	81	70	92	0.2	0.2	0.2	0.2	0.2	0.3	0.2	0.2	0.3
lmapro	33.1	2	2012	32754328.5	81	70	93	0.2	0.2	0.2	0.2	0.2	0.3	0.2	0.2	0.3
lmapro	33.1	2	2013	32917445	82	71	94	0.2	0.2	0.2	0.2	0.2	0.3	0.2	0.2	0.3
lmapro	33.1	2	2014	33078234.5	82	71	94	0.2	0.2	0.2	0.2	0.2	0.3	0.2	0.2	0.3
lmapro	33.1	2	2015	33219169.5	82	72	95	0.2	0.2	0.2	0.2	0.2	0.3	0.2	0.2	0.3
lmapro	33.1	2	2016	33346795	84	72	96	0.2	0.2	0.2	0.2	0.2	0.3	0.3	0.2	0.3
lmapro	33.1	2	2017	33463250.5	83	73	96	0.2	0.2	0.2	0.2	0.2	0.3	0.2	0.2	0.3
lmapro	33.1	2	2018	33517815	82	73	97	0.2	0.2	0.2	0.2	0.2	0.3	0.2	0.2	0.3
smclmc	34.10	1	1990	27606178	433	389	484	1.2	1.1	1.3	1.6	1.4	1.8	1.6	1.4	1.8
smclmc	34.10	1	1991	27731738.5	433	390	482	1.2	1.1	1.3	1.6	1.4	1.7	1.6	1.4	1.7
smclmc	34.10	1	1992	27855283	431	392	480	1.2	1	1.3	1.6	1.4	1.7	1.5	1.4	1.7
smclmc	34.10	1	1993	27957444	430	393	479	1.2	1	1.3	1.5	1.4	1.7	1.5	1.4	1.7
smclmc	34.10	1	1994	28038749.5	434	393	478	1.1	1	1.3	1.5	1.4	1.7	1.5	1.4	1.7
smclmc	34.10	1	1995	28116753.5	434	394	477	1.1	1	1.2	1.5	1.4	1.7	1.5	1.4	1.7
smclmc	34.10	1	1996	28195599	433	394	476	1.1	1	1.2	1.5	1.3	1.6	1.5	1.4	1.7
smclmc	34.10	1	1997	28275964	432	394	475	1.1	1	1.2	1.5	1.3	1.6	1.5	1.4	1.7
smclmc	34.10	1	1998	28361163	430	394	474	1.1	1	1.2	1.4	1.3	1.6	1.5	1.4	1.7
smclmc	34.10	1	1999	28486063	431	394	473	1.1	1	1.2	1.4	1.3	1.6	1.5	1.4	1.7
smclmc	34.10	1	2000	28657893.5	432	395	474	1.1	1	1.2	1.4	1.3	1.6	1.5	1.4	1.7
smclmc	34.10	1	2001	28844405	433	397	474	1.1	1	1.2	1.4	1.3	1.5	1.5	1.4	1.6
smclmc	34.10	1	2002	29033407.5	434	398	475	1.1	1	1.1	1.4	1.3	1.5	1.5	1.4	1.6
smclmc	34.10	1	2003	29220241.5	436	400	476	1	1	1.1	1.4	1.3	1.5	1.5	1.4	1.6
smclmc	34.10	1	2004	29415016.5	437	402	477	1	0.9	1.1	1.4	1.2	1.5	1.5	1.4	1.6
smclmc	34.10	1	2005	29615886	441	405	480	1	0.9	1.1	1.4	1.2	1.5	1.5	1.4	1.6
smclmc	34.10	1	2006	29815994.5	444	408	482	1	0.9	1.1	1.3	1.2	1.5	1.5	1.4	1.6
smclmc	34.10	1	2007	30001162.5	444	412	485	1	0.9	1.1	1.3	1.2	1.5	1.5	1.4	1.6
smclmc	34.10	1	2008	30166090.5	450	415	488	1	0.9	1.1	1.3	1.2	1.4	1.5	1.4	1.6
smclmc	34.10	1	2009	30322692	454	418	492	1	0.9	1.1	1.3	1.2	1.4	1.5	1.4	1.6
smclmc	34.10	1	2010	30475789	457	421	496	1	0.9	1.1	1.3	1.2	1.4	1.5	1.4	1.6
smclmc	34.10	1	2011	30626399	460	423	501	1	0.9	1.1	1.3	1.2	1.4	1.5	1.4	1.6
smclmc	34.10	1	2012	30782589.5	463	425	507	1	0.9	1.1	1.3	1.2	1.4	1.5	1.4	1.6
smclmc	34.10	1	2013	30945466.5	467	426	514	1	0.9	1.1	1.3	1.2	1.4	1.5	1.4	1.7
smclmc	34.10	1	2014	31086155	470	426	521	1	0.9	1.1	1.3	1.2	1.4	1.5	1.4	1.7
smclmc	34.10	1	2015	31210477	475	426	528	1	0.9	1.1	1.3	1.2	1.4	1.5	1.4	1.7
smclmc	34.10	1	2016	31332989	479	425	535	1	0.9	1.1	1.3	1.1	1.4	1.5	1.4	1.7
smclmc	34.10	1	2017	31446345.5	480	424	543	1	0.9	1.1	1.3	1.1	1.4	1.5	1.3	1.7
smclmc	34.10	1	2018	31500281	480	421	548	1	0.8	1.1	1.3	1.1	1.5	1.5	1.3	1.7
smclmc	34.10	2	1990	29102652.5	290	268	313	0.7	0.6	0.8	0.9	0.8	1	1	0.9	1.1
smclmc	34.10	2	1991	29243858.5	294	271	317	0.7	0.6	0.8	0.9	0.8	1	1	0.9	1.1
smclmc	34.10	2	1992	29384564	295	274	320	0.7	0.6	0.8	0.9	0.8	1	1	0.9	1.1
smclmc	34.10	2	1993	29509640.5	299	276	323	0.7	0.6	0.8	0.9	0.8	1	1	0.9	1.1
smclmc	34.10	2	1994	29620022	302	279	326	0.7	0.6	0.8	0.9	0.8	1	1	0.9	1.1
smclmc	34.10	2	1995	29727493.5	307	282	329	0.7	0.6	0.8	0.9	0.8	1	1	0.9	1.1
smclmc	34.10	2	1996	29830389.5	308	285	333	0.7	0.6	0.8	0.9	0.8	1	1	1	1.1
smclmc	34.10	2	1997	29931526	311	287	336	0.7	0.6	0.8	0.9	0.8	1	1	1	1.1
smclmc	34.10	2	1998	30036624.5	313	290	339	0.7	0.6	0.8	0.9	0.8	1	1	1	1.1
smclmc	34.10	2	1999	30191342.5	318	293	343	0.7	0.6	0.8	0.9	0.8	1	1.1	1	1.1
smclmc	34.10	2	2000	30404491.5	322	297	348	0.7	0.6	0.8	0.9	0.8	1	1.1	1	1.1
smclmc	34.10	2	2001	30631830.5	327	301	352	0.7	0.6	0.8	0.9	0.8	1	1.1	1	1.2
smclmc	34.10	2	2002	30860462.5	332	306	357	0.7	0.6	0.8	0.9	0.8	1	1.1	1	1.2
smclmc	34.10	2	2003	31083389.5	336	310	362	0.7	0.6	0.8	0.9	0.8	1	1.1	1	1.2
smclmc	34.10	2	2004	31319326	341	314	367	0.7	0.6	0.8	0.9	0.8	1	1.1	1	1.2
smclmc	34.10	2	2005	31565612.5	344	319	372	0.7	0.6	0.8	0.9	0.8	1	1.1	1	1.2
smclmc	34.10	2	2006	31781491	350	323	377	0.7	0.6	0.8	0.9	0.8	1	1.1	1	1.2
smclmc	34.10	2	2007	31963889.5	354	327	382	0.7	0.6	0.8	0.9	0.8	1	1.1	1	1.2
smclmc	34.10	2	2008	32134197	358	330	386	0.7	0.6	0.8	0.9	0.8	1	1.1	1	1.2
smclmc	34.10	2	2009	32292780	362	333	390	0.7	0.6	0.8	0.9	0.8	1	1.1	1	1.2
smclmc	34.10	2	2010	32442000.5	364	337	393	0.7	0.6	0.8	0.9	0.8	1	1.1	1	1.2
smclmc	34.10	2	2011	32596758.5	371	340	397	0.7	0.6	0.8	0.9	0.8	1	1.1	1	1.2
smclmc	34.10	2	2012	32754328.5	373	343	401	0.7	0.6	0.8	0.9	0.8	1	1.1	1	1.2
smclmc	34.10	2	2013	32917445	376	347	405	0.7	0.6	0.8	0.9	0.8	1	1.1	1.1	1.2
smclmc	34.10	2	2014	33078234.5	378	350	409	0.7	0.6	0.8	0.9	0.8	1	1.1	1.1	1.2
smclmc	34.10	2	2015	33219169.5	384	353	413	0.7	0.6	0.8	0.9	0.8	1	1.2	1.1	1.2
smclmc	34.10	2	2016	33346795	386	356	416	0.7	0.6	0.8	0.9	0.8	1	1.2	1.1	1.2
smclmc	34.10	2	2017	33463250.5	391	359	420	0.7	0.6	0.8	0.9	0.8	1	1.2	1.1	1.3
smclmc	34.10	2	2018	33517815	392	361	422	0.7	0.6	0.8	0.9	0.8	1	1.2	1.1	1.3
smcautre	34.20	1	2003	29220241.5	1416	1311	1534	2.9	2.7	3.2	4.2	3.9	4.6	4.8	4.5	5.2
smcautre	34.20	1	2004	29415016.5	1443	1336	1563	2.9	2.7	3.2	4.2	3.9	4.6	4.9	4.5	5.3
smcautre	34.20	1	2005	29615886	1473	1362	1593	2.9	2.7	3.2	4.2	3.9	4.6	5	4.6	5.4
smcautre	34.20	1	2006	29815994.5	1499	1387	1623	2.9	2.7	3.2	4.2	3.9	4.6	5	4.7	5.4
smcautre	34.20	1	2007	30001162.5	1528	1412	1652	2.9	2.7	3.2	4.2	3.9	4.6	5.1	4.7	5.5
smcautre	34.20	1	2008	30166090.5	1553	1437	1681	2.9	2.7	3.2	4.2	3.9	4.6	5.1	4.8	5.6
smcautre	34.20	1	2009	30322692	1582	1462	1710	2.9	2.7	3.2	4.2	3.9	4.6	5.2	4.8	5.6
smcautre	34.20	1	2010	30475789	1608	1486	1739	2.9	2.7	3.2	4.2	3.9	4.6	5.3	4.9	5.7
smcautre	34.20	1	2011	30626399	1635	1511	1768	2.9	2.7	3.2	4.2	3.9	4.6	5.3	4.9	5.8
smcautre	34.20	1	2012	30782589.5	1663	1537	1798	2.9	2.7	3.2	4.2	3.9	4.6	5.4	5	5.8
smcautre	34.20	1	2013	30945466.5	1692	1564	1829	2.9	2.7	3.2	4.2	3.9	4.6	5.5	5.1	5.9
smcautre	34.20	1	2014	31086155	1721	1591	1861	2.9	2.7	3.2	4.2	3.9	4.6	5.5	5.1	6
smcautre	34.20	1	2015	31210477	1750	1618	1893	2.9	2.7	3.2	4.2	3.9	4.6	5.6	5.2	6.1
smcautre	34.20	1	2016	31332989	1780	1645	1924	2.9	2.7	3.2	4.2	3.9	4.6	5.7	5.2	6.1
smcautre	34.20	1	2017	31446345.5	1809	1672	1957	2.9	2.7	3.2	4.2	3.9	4.6	5.8	5.3	6.2
smcautre	34.20	1	2018	31500281	1824	1686	1973	2.9	2.7	3.2	4.2	3.9	4.6	5.8	5.4	6.3
smcautre	34.20	2	2003	31083389.5	1344	1169	1545	2.1	1.9	2.5	3	2.6	3.5	4.3	3.8	5
smcautre	34.20	2	2004	31319326	1383	1207	1585	2.2	1.9	2.5	3.1	2.7	3.5	4.4	3.9	5.1
smcautre	34.20	2	2005	31565612.5	1425	1248	1628	2.2	1.9	2.5	3.1	2.7	3.5	4.5	4	5.2
smcautre	34.20	2	2006	31781491	1467	1286	1670	2.2	1.9	2.5	3.1	2.8	3.6	4.6	4	5.3
smcautre	34.20	2	2007	31963889.5	1504	1323	1710	2.2	2	2.5	3.2	2.8	3.6	4.7	4.1	5.4
smcautre	34.20	2	2008	32134197	1544	1358	1752	2.3	2	2.6	3.2	2.8	3.7	4.8	4.2	5.5
smcautre	34.20	2	2009	32292780	1581	1393	1793	2.3	2	2.6	3.3	2.9	3.7	4.9	4.3	5.6
smcautre	34.20	2	2010	32442000.5	1617	1427	1836	2.3	2	2.6	3.3	2.9	3.7	5	4.4	5.7
smcautre	34.20	2	2011	32596758.5	1656	1461	1880	2.3	2.1	2.7	3.3	2.9	3.8	5.1	4.5	5.8
smcautre	34.20	2	2012	32754328.5	1696	1494	1926	2.4	2.1	2.7	3.4	3	3.8	5.2	4.6	5.9
smcautre	34.20	2	2013	32917445	1736	1528	1975	2.4	2.1	2.7	3.4	3	3.9	5.3	4.6	6
smcautre	34.20	2	2014	33078234.5	1778	1561	2027	2.4	2.1	2.8	3.4	3	3.9	5.4	4.7	6.1
smcautre	34.20	2	2015	33219169.5	1820	1594	2079	2.4	2.1	2.8	3.5	3	4	5.5	4.8	6.3
smcautre	34.20	2	2016	33346795	1864	1625	2133	2.5	2.2	2.8	3.5	3.1	4	5.6	4.9	6.4
smcautre	34.20	2	2017	33463250.5	1905	1657	2189	2.5	2.2	2.9	3.6	3.1	4.1	5.7	5	6.5
smcautre	34.20	2	2018	33517815	1938	1679	2236	2.5	2.2	2.9	3.6	3.1	4.2	5.8	5	6.7
smcau.myelo	34.21	1	2003	29220241.5	208	188	233	0.4	0.4	0.5	0.6	0.5	0.7	0.7	0.6	0.8
smcau.myelo	34.21	1	2004	29415016.5	214	192	238	0.4	0.4	0.5	0.6	0.5	0.7	0.7	0.7	0.8
smcau.myelo	34.21	1	2005	29615886	218	195	242	0.4	0.4	0.5	0.6	0.5	0.7	0.7	0.7	0.8
smcau.myelo	34.21	1	2006	29815994.5	219	199	246	0.4	0.4	0.5	0.6	0.5	0.7	0.7	0.7	0.8
smcau.myelo	34.21	1	2007	30001162.5	224	202	250	0.4	0.4	0.5	0.6	0.5	0.7	0.7	0.7	0.8
smcau.myelo	34.21	1	2008	30166090.5	228	206	255	0.4	0.4	0.5	0.6	0.5	0.7	0.8	0.7	0.8
smcau.myelo	34.21	1	2009	30322692	232	209	259	0.4	0.4	0.5	0.6	0.5	0.7	0.8	0.7	0.9
smcau.myelo	34.21	1	2010	30475789	236	213	263	0.4	0.4	0.5	0.6	0.5	0.7	0.8	0.7	0.9
smcau.myelo	34.21	1	2011	30626399	240	216	268	0.4	0.4	0.5	0.6	0.5	0.7	0.8	0.7	0.9
smcau.myelo	34.21	1	2012	30782589.5	245	220	273	0.4	0.4	0.5	0.6	0.5	0.7	0.8	0.7	0.9
smcau.myelo	34.21	1	2013	30945466.5	249	225	278	0.4	0.4	0.5	0.6	0.5	0.7	0.8	0.7	0.9
smcau.myelo	34.21	1	2014	31086155	253	229	284	0.4	0.4	0.5	0.6	0.5	0.7	0.8	0.7	0.9
smcau.myelo	34.21	1	2015	31210477	259	234	289	0.4	0.4	0.5	0.6	0.5	0.7	0.8	0.7	0.9
smcau.myelo	34.21	1	2016	31332989	265	238	295	0.4	0.4	0.5	0.6	0.5	0.7	0.8	0.8	0.9
smcau.myelo	34.21	1	2017	31446345.5	270	243	301	0.4	0.4	0.5	0.6	0.5	0.7	0.9	0.8	1
smcau.myelo	34.21	1	2018	31500281	273	246	304	0.4	0.4	0.5	0.6	0.5	0.7	0.9	0.8	1
smcau.myelo	34.21	2	2003	31083389.5	111	79	158	0.2	0.1	0.2	0.2	0.2	0.3	0.4	0.3	0.5
smcau.myelo	34.21	2	2004	31319326	103	78	136	0.1	0.1	0.2	0.2	0.2	0.3	0.3	0.2	0.4
smcau.myelo	34.21	2	2005	31565612.5	93	76	120	0.1	0.1	0.2	0.2	0.2	0.3	0.3	0.2	0.4
smcau.myelo	34.21	2	2006	31781491	89	73	112	0.1	0.1	0.2	0.2	0.1	0.2	0.3	0.2	0.4
smcau.myelo	34.21	2	2007	31963889.5	85	70	108	0.1	0.1	0.2	0.2	0.1	0.2	0.3	0.2	0.3
smcau.myelo	34.21	2	2008	32134197	86	69	109	0.1	0.1	0.2	0.2	0.1	0.2	0.3	0.2	0.3
smcau.myelo	34.21	2	2009	32292780	89	72	113	0.1	0.1	0.2	0.2	0.1	0.2	0.3	0.2	0.3
smcau.myelo	34.21	2	2010	32442000.5	96	79	119	0.1	0.1	0.2	0.2	0.2	0.2	0.3	0.2	0.4
smcau.myelo	34.21	2	2011	32596758.5	106	88	129	0.1	0.1	0.2	0.2	0.2	0.3	0.3	0.3	0.4
smcau.myelo	34.21	2	2012	32754328.5	119	99	143	0.2	0.1	0.2	0.2	0.2	0.3	0.4	0.3	0.4
smcau.myelo	34.21	2	2013	32917445	134	111	163	0.2	0.1	0.2	0.3	0.2	0.3	0.4	0.3	0.5
smcau.myelo	34.21	2	2014	33078234.5	152	123	189	0.2	0.2	0.2	0.3	0.2	0.4	0.5	0.4	0.6
smcau.myelo	34.21	2	2015	33219169.5	171	133	223	0.2	0.2	0.3	0.3	0.2	0.4	0.5	0.4	0.7
smcau.myelo	34.21	2	2016	33346795	192	143	265	0.2	0.2	0.3	0.4	0.3	0.5	0.6	0.4	0.8
smcau.myelo	34.21	2	2017	33463250.5	220	154	316	0.3	0.2	0.4	0.4	0.3	0.6	0.7	0.5	0.9
smcau.myelo	34.21	2	2018	33517815	247	163	375	0.3	0.2	0.5	0.4	0.3	0.7	0.7	0.5	1.1
smcau.vaquez	34.22	1	2003	29220241.5	471	436	509	1	0.9	1.1	1.4	1.3	1.5	1.6	1.5	1.7
smcau.vaquez	34.22	1	2004	29415016.5	480	443	519	1	0.9	1.1	1.4	1.3	1.5	1.6	1.5	1.8
smcau.vaquez	34.22	1	2005	29615886	490	452	528	1	0.9	1.1	1.4	1.3	1.5	1.7	1.5	1.8
smcau.vaquez	34.22	1	2006	29815994.5	497	460	538	1	0.9	1.1	1.4	1.3	1.5	1.7	1.5	1.8
smcau.vaquez	34.22	1	2007	30001162.5	506	468	547	1	0.9	1.1	1.4	1.3	1.5	1.7	1.6	1.8
smcau.vaquez	34.22	1	2008	30166090.5	514	476	556	1	0.9	1.1	1.4	1.3	1.5	1.7	1.6	1.8
smcau.vaquez	34.22	1	2009	30322692	522	484	566	1	0.9	1.1	1.4	1.3	1.5	1.7	1.6	1.9
smcau.vaquez	34.22	1	2010	30475789	533	492	575	1	0.9	1.1	1.4	1.3	1.5	1.7	1.6	1.9
smcau.vaquez	34.22	1	2011	30626399	542	500	585	1	0.9	1.1	1.4	1.3	1.5	1.8	1.6	1.9
smcau.vaquez	34.22	1	2012	30782589.5	547	508	595	1	0.9	1.1	1.4	1.3	1.5	1.8	1.7	1.9
smcau.vaquez	34.22	1	2013	30945466.5	558	517	605	1	0.9	1.1	1.4	1.3	1.5	1.8	1.7	2
smcau.vaquez	34.22	1	2014	31086155	569	526	616	1	0.9	1.1	1.4	1.3	1.5	1.8	1.7	2
smcau.vaquez	34.22	1	2015	31210477	577	535	626	1	0.9	1.1	1.4	1.3	1.5	1.8	1.7	2
smcau.vaquez	34.22	1	2016	31332989	589	544	637	1	0.9	1.1	1.4	1.3	1.5	1.9	1.7	2
smcau.vaquez	34.22	1	2017	31446345.5	596	553	647	1	0.9	1.1	1.4	1.3	1.5	1.9	1.8	2.1
smcau.vaquez	34.22	1	2018	31500281	603	558	653	1	0.9	1.1	1.4	1.3	1.5	1.9	1.8	2.1
smcau.vaquez	34.22	2	2003	31083389.5	330	278	399	0.5	0.4	0.6	0.7	0.6	0.9	1.1	0.9	1.3
smcau.vaquez	34.22	2	2004	31319326	344	291	409	0.5	0.4	0.6	0.7	0.6	0.9	1.1	0.9	1.3
smcau.vaquez	34.22	2	2005	31565612.5	356	304	420	0.5	0.4	0.6	0.8	0.6	0.9	1.1	1	1.3
smcau.vaquez	34.22	2	2006	31781491	370	317	430	0.5	0.5	0.6	0.8	0.7	0.9	1.2	1	1.4
smcau.vaquez	34.22	2	2007	31963889.5	382	329	441	0.5	0.5	0.6	0.8	0.7	0.9	1.2	1	1.4
smcau.vaquez	34.22	2	2008	32134197	391	341	453	0.5	0.5	0.6	0.8	0.7	0.9	1.2	1.1	1.4
smcau.vaquez	34.22	2	2009	32292780	404	352	465	0.6	0.5	0.6	0.8	0.7	0.9	1.3	1.1	1.4
smcau.vaquez	34.22	2	2010	32442000.5	418	363	479	0.6	0.5	0.7	0.8	0.7	1	1.3	1.1	1.5
smcau.vaquez	34.22	2	2011	32596758.5	430	374	494	0.6	0.5	0.7	0.8	0.7	1	1.3	1.1	1.5
smcau.vaquez	34.22	2	2012	32754328.5	441	384	510	0.6	0.5	0.7	0.9	0.7	1	1.3	1.2	1.6
smcau.vaquez	34.22	2	2013	32917445	456	394	528	0.6	0.5	0.7	0.9	0.7	1	1.4	1.2	1.6
smcau.vaquez	34.22	2	2014	33078234.5	472	403	548	0.6	0.5	0.7	0.9	0.8	1	1.4	1.2	1.7
smcau.vaquez	34.22	2	2015	33219169.5	485	412	569	0.6	0.5	0.7	0.9	0.8	1.1	1.5	1.2	1.7
smcau.vaquez	34.22	2	2016	33346795	499	420	591	0.6	0.5	0.7	0.9	0.8	1.1	1.5	1.3	1.8
smcau.vaquez	34.22	2	2017	33463250.5	514	428	615	0.6	0.5	0.8	0.9	0.8	1.1	1.5	1.3	1.8
smcau.vaquez	34.22	2	2018	33517815	526	433	636	0.6	0.5	0.8	0.9	0.8	1.1	1.6	1.3	1.9
smcau.thrombo	34.23	1	2003	29220241.5	599	511	704	1.3	1.1	1.5	1.8	1.6	2.1	2	1.7	2.4
smcau.thrombo	34.23	1	2004	29415016.5	615	527	716	1.3	1.1	1.5	1.8	1.6	2.1	2.1	1.8	2.4
smcau.thrombo	34.23	1	2005	29615886	629	543	730	1.3	1.1	1.5	1.8	1.6	2.1	2.1	1.8	2.5
smcau.thrombo	34.23	1	2006	29815994.5	645	559	745	1.3	1.1	1.5	1.9	1.6	2.1	2.2	1.9	2.5
smcau.thrombo	34.23	1	2007	30001162.5	661	576	761	1.3	1.1	1.5	1.9	1.6	2.1	2.2	1.9	2.5
smcau.thrombo	34.23	1	2008	30166090.5	678	592	778	1.3	1.1	1.5	1.9	1.6	2.1	2.2	2	2.6
smcau.thrombo	34.23	1	2009	30322692	697	608	796	1.3	1.2	1.5	1.9	1.6	2.2	2.3	2	2.6
smcau.thrombo	34.23	1	2010	30475789	713	623	815	1.3	1.2	1.5	1.9	1.7	2.2	2.3	2	2.7
smcau.thrombo	34.23	1	2011	30626399	732	639	836	1.3	1.2	1.5	1.9	1.7	2.2	2.4	2.1	2.7
smcau.thrombo	34.23	1	2012	30782589.5	751	654	859	1.4	1.2	1.6	1.9	1.7	2.2	2.4	2.1	2.8
smcau.thrombo	34.23	1	2013	30945466.5	768	669	883	1.4	1.2	1.6	1.9	1.7	2.2	2.5	2.2	2.9
smcau.thrombo	34.23	1	2014	31086155	791	683	910	1.4	1.2	1.6	2	1.7	2.3	2.5	2.2	2.9
smcau.thrombo	34.23	1	2015	31210477	808	696	937	1.4	1.2	1.6	2	1.7	2.3	2.6	2.2	3
smcau.thrombo	34.23	1	2016	31332989	828	709	966	1.4	1.2	1.6	2	1.7	2.3	2.6	2.3	3.1
smcau.thrombo	34.23	1	2017	31446345.5	848	722	997	1.4	1.2	1.7	2	1.7	2.4	2.7	2.3	3.2
smcau.thrombo	34.23	1	2018	31500281	862	729	1022	1.4	1.2	1.7	2	1.7	2.4	2.7	2.3	3.2
smcau.thrombo	34.23	2	2003	31083389.5	766	638	918	1.3	1.1	1.5	1.8	1.5	2.1	2.5	2.1	3
smcau.thrombo	34.23	2	2004	31319326	811	686	957	1.3	1.1	1.6	1.9	1.6	2.2	2.6	2.2	3.1
smcau.thrombo	34.23	2	2005	31565612.5	861	735	1004	1.4	1.2	1.6	1.9	1.6	2.3	2.7	2.3	3.2
smcau.thrombo	34.23	2	2006	31781491	906	777	1053	1.4	1.2	1.7	2	1.7	2.3	2.9	2.4	3.3
smcau.thrombo	34.23	2	2007	31963889.5	947	814	1100	1.5	1.3	1.7	2.1	1.8	2.4	3	2.5	3.4
smcau.thrombo	34.23	2	2008	32134197	984	844	1142	1.5	1.3	1.8	2.1	1.8	2.5	3.1	2.6	3.6
smcau.thrombo	34.23	2	2009	32292780	1009	868	1173	1.5	1.3	1.8	2.1	1.8	2.5	3.1	2.7	3.6
smcau.thrombo	34.23	2	2010	32442000.5	1032	889	1196	1.5	1.3	1.8	2.2	1.9	2.5	3.2	2.7	3.7
smcau.thrombo	34.23	2	2011	32596758.5	1050	907	1216	1.5	1.3	1.8	2.2	1.9	2.5	3.2	2.8	3.7
smcau.thrombo	34.23	2	2012	32754328.5	1068	922	1236	1.5	1.3	1.8	2.2	1.9	2.5	3.3	2.8	3.8
smcau.thrombo	34.23	2	2013	32917445	1087	936	1261	1.5	1.3	1.8	2.1	1.8	2.5	3.3	2.8	3.8
smcau.thrombo	34.23	2	2014	33078234.5	1107	949	1292	1.5	1.3	1.8	2.1	1.8	2.5	3.3	2.9	3.9
smcau.thrombo	34.23	2	2015	33219169.5	1127	961	1327	1.5	1.3	1.8	2.1	1.8	2.5	3.4	2.9	4
smcau.thrombo	34.23	2	2016	33346795	1151	970	1367	1.5	1.3	1.8	2.1	1.8	2.5	3.5	2.9	4.1
smcau.thrombo	34.23	2	2017	33463250.5	1175	978	1412	1.5	1.2	1.8	2.1	1.8	2.6	3.5	2.9	4.2
smcau.thrombo	34.23	2	2018	33517815	1195	981	1456	1.5	1.2	1.9	2.1	1.7	2.6	3.6	2.9	4.3
smd	35.00	1	2003	29220241.5	1834	1630	2063	3	2.7	3.4	5	4.4	5.6	6.3	5.6	7.1
smd	35.00	1	2004	29415016.5	1921	1726	2143	3.1	2.8	3.4	5.1	4.6	5.6	6.5	5.9	7.3
smd	35.00	1	2005	29615886	2018	1824	2235	3.1	2.8	3.5	5.2	4.7	5.7	6.8	6.2	7.5
smd	35.00	1	2006	29815994.5	2112	1915	2332	3.2	2.9	3.5	5.3	4.8	5.8	7.1	6.4	7.8
smd	35.00	1	2007	30001162.5	2203	1999	2431	3.3	2.9	3.6	5.4	4.9	5.9	7.3	6.7	8.1
smd	35.00	1	2008	30166090.5	2289	2077	2526	3.3	3	3.6	5.4	4.9	6	7.6	6.9	8.4
smd	35.00	1	2009	30322692	2367	2149	2610	3.3	3	3.7	5.5	5	6	7.8	7.1	8.6
smd	35.00	1	2010	30475789	2436	2215	2685	3.3	3	3.7	5.5	5	6.1	8	7.3	8.8
smd	35.00	1	2011	30626399	2500	2277	2753	3.4	3.1	3.7	5.5	5	6.1	8.2	7.4	9
smd	35.00	1	2012	30782589.5	2564	2332	2819	3.4	3.1	3.7	5.5	5	6.1	8.3	7.6	9.2
smd	35.00	1	2013	30945466.5	2621	2382	2888	3.4	3	3.7	5.5	5	6.1	8.5	7.7	9.3
smd	35.00	1	2014	31086155	2682	2430	2965	3.4	3	3.7	5.5	5	6.1	8.6	7.8	9.5
smd	35.00	1	2015	31210477	2741	2473	3045	3.4	3	3.7	5.5	5	6.2	8.8	7.9	9.8
smd	35.00	1	2016	31332989	2801	2512	3130	3.4	3	3.8	5.5	5	6.2	8.9	8	10
smd	35.00	1	2017	31446345.5	2864	2549	3221	3.4	3	3.8	5.5	4.9	6.2	9.1	8.1	10.2
smd	35.00	1	2018	31500281	2894	2556	3283	3.4	3	3.8	5.5	4.9	6.3	9.2	8.1	10.4
smd	35.00	2	2003	31083389.5	1326	1130	1554	1.5	1.2	1.7	2.3	2	2.7	4.3	3.6	5
smd	35.00	2	2004	31319326	1469	1268	1701	1.6	1.4	1.8	2.5	2.2	2.9	4.7	4	5.4
smd	35.00	2	2005	31565612.5	1625	1414	1868	1.7	1.5	2	2.7	2.4	3.2	5.1	4.5	5.9
smd	35.00	2	2006	31781491	1780	1553	2037	1.8	1.6	2.1	2.9	2.6	3.4	5.6	4.9	6.4
smd	35.00	2	2007	31963889.5	1915	1674	2194	1.9	1.7	2.2	3.1	2.7	3.6	6	5.2	6.9
smd	35.00	2	2008	32134197	2024	1769	2320	2	1.7	2.3	3.2	2.8	3.7	6.3	5.5	7.2
smd	35.00	2	2009	32292780	2094	1828	2396	2	1.8	2.3	3.3	2.8	3.7	6.5	5.7	7.4
smd	35.00	2	2010	32442000.5	2122	1855	2425	2	1.8	2.3	3.2	2.8	3.7	6.5	5.7	7.5
smd	35.00	2	2011	32596758.5	2116	1854	2418	2	1.7	2.3	3.2	2.8	3.6	6.5	5.7	7.4
smd	35.00	2	2012	32754328.5	2088	1831	2387	1.9	1.7	2.2	3.1	2.7	3.5	6.4	5.6	7.3
smd	35.00	2	2013	32917445	2051	1795	2348	1.9	1.6	2.1	3	2.6	3.4	6.2	5.5	7.1
smd	35.00	2	2014	33078234.5	2015	1756	2314	1.8	1.6	2.1	2.9	2.5	3.3	6.1	5.3	7
smd	35.00	2	2015	33219169.5	1974	1712	2280	1.7	1.5	2	2.8	2.4	3.2	5.9	5.2	6.9
smd	35.00	2	2016	33346795	1934	1664	2247	1.7	1.5	2	2.7	2.3	3.2	5.8	5	6.7
smd	35.00	2	2017	33463250.5	1890	1614	2218	1.6	1.4	1.9	2.6	2.2	3.1	5.6	4.8	6.6
smd	35.00	2	2018	33517815	1841	1555	2179	1.6	1.3	1.9	2.5	2.1	3	5.5	4.6	6.5
smm	36.00	1	2003	29220241.5	377	322	450	0.7	0.6	0.8	1	0.9	1.2	1.3	1.1	1.5
smm	36.00	1	2004	29415016.5	403	344	471	0.7	0.6	0.8	1.1	0.9	1.3	1.4	1.2	1.6
smm	36.00	1	2005	29615886	426	367	495	0.7	0.6	0.8	1.1	1	1.3	1.4	1.2	1.7
smm	36.00	1	2006	29815994.5	452	391	521	0.7	0.6	0.8	1.1	1	1.3	1.5	1.3	1.7
smm	36.00	1	2007	30001162.5	478	417	548	0.8	0.7	0.9	1.2	1	1.4	1.6	1.4	1.8
smm	36.00	1	2008	30166090.5	505	443	577	0.8	0.7	0.9	1.2	1.1	1.4	1.7	1.5	1.9
smm	36.00	1	2009	30322692	535	469	608	0.8	0.7	0.9	1.3	1.1	1.4	1.8	1.5	2
smm	36.00	1	2010	30475789	562	496	641	0.8	0.7	0.9	1.3	1.2	1.5	1.8	1.6	2.1
smm	36.00	1	2011	30626399	594	524	677	0.9	0.8	1	1.4	1.2	1.5	1.9	1.7	2.2
smm	36.00	1	2012	30782589.5	628	551	716	0.9	0.8	1	1.4	1.2	1.6	2	1.8	2.3
smm	36.00	1	2013	30945466.5	661	580	757	0.9	0.8	1	1.4	1.3	1.6	2.1	1.9	2.4
smm	36.00	1	2014	31086155	696	609	803	0.9	0.8	1.1	1.5	1.3	1.7	2.2	2	2.6
smm	36.00	1	2015	31210477	735	638	853	1	0.8	1.1	1.5	1.3	1.8	2.4	2	2.7
smm	36.00	1	2016	31332989	777	667	906	1	0.9	1.2	1.6	1.4	1.8	2.5	2.1	2.9
smm	36.00	1	2017	31446345.5	820	697	963	1	0.9	1.2	1.6	1.4	1.9	2.6	2.2	3.1
smm	36.00	1	2018	31500281	853	720	1014	1.1	0.9	1.3	1.7	1.4	2	2.7	2.3	3.2
smm	36.00	2	2003	31083389.5	219	177	269	0.3	0.2	0.3	0.4	0.3	0.5	0.7	0.6	0.9
smm	36.00	2	2004	31319326	235	193	285	0.3	0.2	0.3	0.4	0.3	0.5	0.8	0.6	0.9
smm	36.00	2	2005	31565612.5	253	210	303	0.3	0.2	0.3	0.4	0.4	0.5	0.8	0.7	1
smm	36.00	2	2006	31781491	272	228	323	0.3	0.2	0.4	0.4	0.4	0.5	0.9	0.7	1
smm	36.00	2	2007	31963889.5	291	246	344	0.3	0.3	0.4	0.5	0.4	0.6	0.9	0.8	1.1
smm	36.00	2	2008	32134197	313	266	366	0.3	0.3	0.4	0.5	0.4	0.6	1	0.8	1.1
smm	36.00	2	2009	32292780	333	286	390	0.3	0.3	0.4	0.5	0.4	0.6	1	0.9	1.2
smm	36.00	2	2010	32442000.5	357	306	416	0.4	0.3	0.4	0.5	0.5	0.6	1.1	0.9	1.3
smm	36.00	2	2011	32596758.5	381	327	445	0.4	0.3	0.4	0.6	0.5	0.7	1.2	1	1.4
smm	36.00	2	2012	32754328.5	409	348	475	0.4	0.3	0.5	0.6	0.5	0.7	1.2	1.1	1.5
smm	36.00	2	2013	32917445	435	369	509	0.4	0.3	0.5	0.6	0.5	0.7	1.3	1.1	1.5
smm	36.00	2	2014	33078234.5	464	391	546	0.4	0.4	0.5	0.7	0.6	0.8	1.4	1.2	1.6
smm	36.00	2	2015	33219169.5	491	412	585	0.5	0.4	0.5	0.7	0.6	0.8	1.5	1.2	1.8
smm	36.00	2	2016	33346795	521	433	628	0.5	0.4	0.6	0.7	0.6	0.9	1.6	1.3	1.9
smm	36.00	2	2017	33463250.5	555	455	675	0.5	0.4	0.6	0.8	0.6	0.9	1.7	1.4	2
smm	36.00	2	2018	33517815	586	474	721	0.5	0.4	0.7	0.8	0.6	1	1.7	1.4	2.2
